Data/artificial_surfaces/fd0591250.asc
ncols 106
nrows 106
xllcorner -3.0
yllcorner -3.0
cellsize 1.0
nodata_value -32766.0
[rows 0 to 26 of 106, columns 0 to 60 of 106]
707.118 696.9408 688.15686 683.4967 681.42694 677.64844 673.8133 665.04865 657.0486 646.12054 636.9562 628.7437 625.8286 620.95105 614.37836 603.09406 588.0644 576.2565 564.6541 549.9753 538.7684 525.98627 517.05554 507.0624 493.004 478.26532 464.10156 454.77963 450.95865 443.51486 433.4151 421.5533 408.45468 392.27124 379.11853 364.81177 354.77338 344.41776 329.8311 312.6516 294.76437 278.81427 266.7442 255.3138 247.01611 242.07932 234.88116 233.80737 229.46548 224.66785 224.89563 217.96307 211.65387 212.08362 213.33118 217.57617 222.94077 227.0286 233.35043 238.08762 247.28177
707.5281 697.988 690.1405 683.3502 681.1377 677.5621 673.4588 662.9321 653.5686 646.6093 640.072 634.0164 628.3574 623.76 615.9812 604.1645 590.9884 577.9994 562.7545 548.8893 539.0666 525.45483 514.2579 503.86124 488.3428 473.74808 465.76862 458.8421 453.52545 442.07315 430.65997 420.00525 406.92282 389.95715 374.7772 362.09015 350.37988 341.36664 327.1501 311.1259 291.75897 277.16687 263.97632 252.85133 244.14046 240.99661 237.44122 234.00156 228.97119 224.76016 223.67838 220.67255 216.62216 218.23224 220.76761 223.42902 225.86316 230.34683 238.24384 243.59592 250.16397
708.7512 699.03345 690.37805 685.9654 683.0336 679.3643 673.4702 662.49786 653.20294 646.2561 640.7093 636.34766 633.4149 627.7368 617.6579 604.43665 588.08374 571.80505 559.31555 550.3694 538.5657 524.6443 515.57837 503.10715 486.00415 476.92252 467.1347 460.64743 451.7652 439.9481 426.82492 414.23932 402.77695 388.42474 374.31158 361.94678 351.32642 339.21643 324.22955 307.25888 287.3575 273.59692 260.37094 251.46213 243.7695 239.05399 235.55743 229.71338 224.79584 222.31085 222.54211 222.25043 220.0159 221.12747 224.48291 227.86194 231.41284 238.00336 241.66461 245.0014 252.45914
707.71594 699.7195 693.041 689.8753 683.928 679.69135 672.3944 664.0259 656.5002 648.7697 646.44434 641.9463 634.844 629.3523 621.88635 608.48193 592.92145 577.2377 564.90967 553.3776 539.41046 525.6666 514.09265 500.4188 486.28787 477.75458 466.96875 459.20712 448.89722 435.74072 423.6532 410.39468 396.7973 385.91208 374.50757 363.00763 351.25092 338.06305 323.61447 307.19012 288.60986 270.44232 256.83325 247.67055 242.02426 236.91791 233.50562 225.90225 223.65189 221.24658 218.45215 218.34607 215.40686 217.48468 220.16269 225.67386 231.84052 237.62155 241.27539 247.87076 256.63513
706.7513 698.931 694.579 691.52606 686.76556 678.7382 671.81116 663.4267 658.71313 656.05334 651.9329 645.80994 637.99744 630.893 623.47144 611.0537 600.07806 586.6738 570.9855 557.0081 540.5714 527.4402 515.197 501.4755 487.73895 477.42932 467.46484 455.24902 444.34808 434.10022 422.24005 411.2227 398.09595 386.07227 373.90155 361.3173 347.2819 333.70184 321.68857 305.7828 288.40015 270.10168 256.03195 247.01111 239.00552 232.92694 229.09235 223.7969 220.26031 216.91364 213.73465 214.7609 215.14914 215.57419 218.35388 222.88995 231.7619 237.5126 242.4053 247.16158 254.03458
706.8418 699.6063 692.8674 689.53906 684.1023 674.2478 667.1119 658.6428 657.1594 655.3397 651.43646 646.02203 639.637 629.0725 621.033 611.6852 603.40515 590.3988 573.4774 559.6969 544.692 529.35547 515.0576 503.6692 492.45886 478.2516 467.8521 457.1923 447.17975 437.35233 426.5371 416.2176 402.44696 385.30676 371.94672 359.08078 343.732 328.28696 316.07233 301.8664 285.86453 270.604 257.31763 249.43881 241.27032 231.29279 226.07065 221.68033 218.20486 215.25903 212.62457 212.72235 216.52924 216.54074 215.6467 221.21048 227.77618 236.20456 243.67075 247.33284 253.1449
705.8026 696.8876 691.395 686.7942 682.5701 673.4128 664.13446 659.3038 657.9066 654.737 652.0846 646.8267 636.23584 624.7821 617.4992 611.3442 605.9918 592.85034 573.8995 560.9834 547.10913 533.89795 520.46716 507.34717 496.2382 483.21057 470.674 460.3236 452.70203 440.9839 428.35565 415.6949 404.3975 387.6453 372.88907 358.09888 342.2979 327.23654 313.26373 298.3956 287.40726 272.66162 258.92444 248.91916 237.80917 230.8078 228.53494 222.1352 218.32297 211.74783 210.54346 212.47556 215.14432 214.00055 215.03186 219.79474 225.26999 235.4129 244.47725 248.00104 253.50185
705.89044 697.44855 690.2441 683.18396 681.4121 673.8969 664.7627 661.4392 658.3407 654.90845 651.9415 646.8281 634.61896 625.07367 619.08875 611.31555 603.37537 591.22394 575.8748 561.1936 548.43506 535.8848 525.621 511.26587 501.2292 489.62427 476.235 464.24545 454.85968 441.6908 425.17444 414.14395 404.90253 389.04236 371.7464 357.5805 344.47345 328.2904 311.43347 297.4242 288.5974 276.63647 262.2636 250.05878 239.58545 234.78488 231.78058 226.4021 220.34396 214.74445 213.93924 215.89258 216.2266 216.74146 219.1529 222.97345 231.40698 236.79288 245.48561 251.8474 257.023
707.53864 698.41956 691.044 686.49097 681.2168 672.94434 665.44 660.6658 653.913 650.35205 649.7743 646.5203 636.0631 625.8445 620.3862 611.79376 600.51184 585.8169 574.60114 562.94226 550.81244 538.4166 529.46893 514.72253 504.0008 492.86618 479.27713 465.6925 456.29974 444.941 427.98627 411.62256 403.13766 385.91348 371.33383 357.4409 346.55182 330.58533 313.46704 299.48297 289.57947 278.4372 263.00775 251.03793 242.8501 237.22964 229.87546 225.36215 218.65894 216.7457 219.64728 221.863 223.25195 224.70117 224.97089 228.30731 235.89236 239.5877 247.53967 254.54327 258.28735
709.4137 698.5017 693.27515 688.1687 683.4822 675.5874 666.8078 660.07574 655.543 651.5847 650.73627 645.6053 636.4767 628.9778 620.4546 611.56635 597.8911 583.3983 573.98206 565.0879 554.43005 540.9852 530.3631 518.96765 507.4174 498.18634 484.56625 468.72092 457.25064 443.66556 431.6121 416.50366 401.87668 384.01318 368.76376 355.9905 344.25488 332.057 317.34576 304.16003 290.82147 279.45737 264.3725 251.93596 244.5446 236.9526 230.31955 224.63318 219.57986 221.47604 223.38379 223.09576 226.54214 228.34418 227.7478 235.07285 241.61646 242.79199 246.82494 253.02672 259.0874
713.98474 705.391 698.27466 691.60034 687.22156 680.46277 668.78076 660.3889 656.6842 652.7204 648.2073 641.71704 632.6552 627.49866 622.6008 611.36206 597.1604 586.69006 576.3227 564.46985 553.44104 542.92084 530.5775 523.6446 515.6535 505.809 492.7369 474.6625 458.41196 441.66922 430.69965 418.0634 400.44922 382.38177 368.79443 354.9937 340.0847 327.9578 314.3681 303.06342 293.39633 279.58752 265.95786 254.91933 247.12408 238.3917 228.90295 225.59741 223.82721 225.67618 224.59497 224.0263 226.124 227.893 231.32901 237.44122 241.10605 241.53458 244.35529 251.76257 260.4975
718.8828 712.4656 707.6256 697.94556 690.31366 683.448 673.4644 666.0384 661.7654 660.01074 653.42944 645.9061 633.62146 624.6946 621.7539 613.18665 598.1418 585.4093 572.29694 561.71246 553.2254 543.4714 532.8819 526.3096 520.1189 509.829 495.3461 477.8379 460.63318 442.51437 427.82697 415.55243 400.46698 384.92004 370.36392 351.74646 338.9641 326.14862 313.33282 301.174 291.26 279.21524 267.11557 256.79932 249.40634 239.78381 231.36136 226.2127 223.03635 223.59094 224.4465 224.79678 224.47067 226.68317 234.13797 240.68768 241.5968 241.87503 243.80408 250.31546 258.8055
716.5043 713.1749 710.6636 701.91785 694.2523 687.06866 678.72864 671.09814 666.32294 663.0304 656.2707 646.4147 634.0391 624.82404 619.50684 611.7709 597.40393 580.66895 567.17334 558.44977 551.02893 541.70667 533.4934 529.50995 524.9155 512.8104 498.05716 483.87805 465.66333 448.23013 431.73267 417.1994 403.98254 388.2317 371.51056 354.14215 341.46143 329.61804 314.4361 300.7798 291.02057 278.09332 265.36023 255.47586 248.16129 239.38101 232.09781 223.9154 220.21533 221.54623 220.22699 222.69797 224.9237 230.01813 236.42865 241.46881 244.1512 243.77545 247.13487 250.60258 258.3337
726.3556 722.7096 717.0927 710.27386 702.03046 691.52405 682.1686 675.6454 668.4862 661.9518 655.2415 645.0471 634.6712 623.98303 618.609 609.91034 594.6463 577.75977 567.06573 557.82996 548.14844 540.55743 535.1069 529.90515 527.68225 516.841 503.8034 490.41284 472.52225 453.93298 440.92014 425.6458 410.31403 396.45853 377.98755 360.08752 342.77118 328.1392 313.51038 299.05508 286.68192 274.2743 260.3192 251.55006 245.7229 236.95026 233.05942 225.1662 216.14355 214.18362 218.78967 222.11035 226.17075 230.32562 238.41153 242.031 246.06577 248.15388 248.96202 252.93169 262.03632
735.29016 731.7644 723.6272 716.41364 706.05225 696.3158 687.156 676.85693 669.37317 663.8156 655.16864 645.28033 635.67426 623.93225 614.2784 605.88873 591.33386 577.82654 569.3073 561.2788 549.214 541.25824 536.3461 529.2879 525.59814 518.282 507.1112 493.93375 477.23798 459.49963 445.87027 432.9057 420.4234 406.58325 386.17657 365.85797 347.0584 330.33545 312.99808 299.18445 285.19598 274.38562 258.21906 246.74191 241.49908 237.50964 234.38504 222.86691 215.66245 211.70413 217.23828 221.8389 225.94324 231.63232 238.72046 240.21439 244.39273 248.56325 250.27705 252.91623 259.54584
739.57227 734.76215 729.1527 720.74097 712.37683 700.6814 691.3666 681.8496 671.8555 664.1634 652.6069 642.52026 635.7381 626.6915 613.3978 603.8008 590.2605 578.33215 570.0699 558.16486 548.3921 540.2942 534.1084 527.3246 522.9105 515.26495 504.70203 495.8239 481.8542 466.11264 448.5359 432.501 421.143 406.31342 387.69867 370.32047 350.8809 332.29636 314.21045 298.3647 281.40997 271.937 256.94376 243.32104 236.05994 232.93906 228.88791 218.46454 214.99359 211.17642 212.40118 216.91843 222.48413 228.52213 235.31052 234.88855 238.62552 244.8375 249.38318 255.43391 261.4015
744.2715 735.4724 729.36884 721.4287 715.64685 706.0675 696.7478 686.8131 674.2887 663.416 651.57355 641.84607 634.83636 624.22784 610.61316 599.5129 587.6134 576.4893 565.3427 554.64813 542.66156 537.9153 533.2429 529.3291 522.511 514.6644 508.01025 497.50882 484.31384 466.69702 450.5334 433.76672 418.86462 404.73087 388.8368 372.61658 351.55853 330.36932 313.45438 296.79968 280.48312 267.42178 254.56326 243.6163 234.26831 228.77454 224.61084 216.64584 212.96924 209.47601 211.475 216.51947 220.0138 228.43118 229.01883 229.00204 233.90201 241.57095 248.51723 255.61932 265.21667
747.63257 738.8739 728.0971 721.53186 716.0919 710.17596 701.6909 687.8387 673.6122 662.13135 649.99316 642.1268 632.5293 620.78253 609.03955 596.51526 584.77374 574.5337 561.4528 547.51196 539.83936 537.30566 534.33875 529.42395 522.1024 513.77466 506.98007 496.07318 485.54416 469.76456 455.27792 441.11255 422.9602 408.05295 394.959 374.68225 353.91547 332.4319 314.32428 294.53693 280.95755 271.1729 254.67708 239.76126 226.49646 219.09344 215.53351 211.53638 208.31839 209.83447 209.74054 213.64996 219.78085 227.47058 226.14108 226.147 233.49374 241.90189 251.82767 258.98267 271.81232
750.7543 740.1982 731.3108 727.31946 719.8557 712.62244 706.0208 692.02704 677.09674 662.74146 649.67883 640.8566 632.5994 620.9094 611.91675 598.358 586.7003 576.4017 563.47314 548.1616 540.3318 541.2992 536.50977 527.76483 522.4583 513.1344 503.3753 493.6742 485.1215 474.3974 459.22345 447.0226 430.72852 413.29858 398.1661 379.26315 355.7439 335.52295 315.4499 298.64038 286.6661 273.872 256.9438 239.7565 225.16934 213.17355 208.9856 207.7156 204.84164 207.88159 210.284 213.82019 222.33356 227.64459 229.3989 232.28625 239.21619 248.68184 258.57214 269.47635 280.66113
754.578 744.2115 739.53516 732.82385 724.6274 714.6346 707.46423 694.32513 676.6356 661.025 647.151 638.7888 630.7663 622.65753 613.179 599.9233 589.423 579.07776 566.73535 551.64 543.5646 541.76807 538.4499 532.77985 523.62555 512.43646 504.55725 498.6648 487.2264 472.4182 461.3764 449.52753 433.6655 416.62415 398.837 379.7849 355.72934 334.4505 313.58887 300.01706 285.37582 275.00616 259.1455 241.63684 225.84155 214.96939 208.14365 206.78021 203.4119 207.2551 213.14368 219.22281 224.87689 230.58371 235.14896 239.41934 242.85355 251.60103 263.18677 274.61414 286.5122
756.05115 748.5384 740.6139 735.1344 728.22565 717.90875 706.10846 691.29224 675.5325 659.7644 644.1344 635.90875 628.0954 622.21466 615.82056 604.23413 594.4976 583.7908 574.0975 561.284 549.90826 544.2706 541.1545 536.55273 529.7983 520.628 509.9708 500.1512 485.8239 470.6408 456.1369 447.84143 432.63788 414.75092 399.84927 380.10327 359.09863 339.28485 321.44598 303.78552 286.42633 272.94983 256.0289 241.91348 225.78479 214.14746 210.03189 207.22256 206.15204 209.36621 214.00864 218.2254 222.4147 228.94211 232.38657 236.01913 244.89247 253.77086 268.75027 280.77936 290.52628
760.7168 753.4059 741.4399 735.38727 726.8948 716.0736 704.5198 689.30994 676.90717 663.3682 648.70044 636.2171 627.1366 624.4771 617.473 609.435 600.12445 589.81287 579.75055 567.6654 556.3495 550.3288 546.3554 541.891 531.9114 520.84955 508.46573 497.76303 482.747 469.87033 455.37048 444.2436 427.08307 412.14706 399.47083 383.74173 364.93738 344.3107 328.12656 307.59546 288.68256 270.69653 256.12738 242.11737 226.547 216.72375 210.6496 210.88708 210.71393 209.96033 212.69727 217.15689 223.47882 228.24585 232.40991 237.15158 245.3561 255.25456 269.92615 278.9657 291.18997
761.6997 754.01324 743.6731 734.2909 724.6161 713.23206 702.94086 691.2426 678.18805 665.08246 650.1654 638.6455 631.6196 627.3746 620.70105 613.4983 604.516 595.9179 587.7704 574.2643 563.4999 557.69464 552.0556 544.4562 532.98724 518.48157 503.78088 493.7104 480.1987 467.84695 456.81772 443.07904 426.38235 414.5169 401.81497 385.31717 367.47348 350.08148 333.07278 312.03122 292.84955 274.92163 257.40445 244.77757 232.92725 223.64227 216.31207 214.73544 216.32065 212.70657 216.42178 219.99237 225.82559 230.4996 233.78351 239.21597 247.75777 258.76807 271.804 281.10742 293.8158
763.6664 756.7136 745.149 734.9197 729.3721 717.69653 701.9859 690.54236 681.6361 668.8031 655.824 644.94775 635.3774 626.2671 623.2265 618.1968 607.11914 599.2282 591.2965 581.3421 571.04224 560.0146 552.38153 544.3129 532.34186 518.7191 505.01114 493.95963 482.96344 467.94574 456.76395 445.47736 429.62146 417.48688 406.30798 392.1087 374.4166 352.8532 335.62863 317.67654 297.8277 280.40112 262.13733 244.99394 232.6525 225.75534 218.73666 218.26501 221.97064 221.33011 223.06046 226.05276 227.13138 229.73886 231.68295 239.25241 250.91821 261.02765 271.91217 284.41473 299.31613
761.7954 756.93616 748.5897 739.6858 733.15814 719.72815 704.8339 693.11017 684.371 673.63135 662.3844 649.65845 638.2872 630.8138 627.697 622.43274 613.78174 606.26526 595.53894 587.87256 579.5517 568.10065 560.22815 548.27527 536.1426 520.80597 504.9887 493.8793 481.92184 469.158 456.0276 443.05185 430.66687 423.04553 413.69702 396.61157 380.94922 360.00885 339.67978 322.32172 306.72168 289.94653 267.22498 246.59834 235.26825 229.98453 222.61343 223.09543 225.18445 224.86261 227.65994 231.67563 233.72742 235.6608 237.83786 243.90854 251.81444 260.25507 272.57782 285.40753 300.66486
761.3513 757.5388 751.68396 743.16565 734.93933 723.0107 710.2027 701.8179 691.80804 679.7807 669.4225 658.3589 645.81696 635.98816 631.8834 625.92926 619.86304 610.7807 601.60095 594.68024 584.7531 576.1709 566.18274 553.69336 538.86945 521.9156 506.4472 495.82986 482.27597 468.57883 454.73343 441.66052 432.6346 425.39493 415.8206 399.49802 385.1104 369.43588 349.61346 330.70087 314.96436 295.7126 275.88647 254.69527 242.95105 238.65442 232.74573 229.8522 230.17834 229.80823 231.01898 235.64954 241.07257 242.05386 244.9187 249.57944 255.31111 262.18195 274.01468 286.35425 300.81488
763.002 758.135 751.45154 746.3247 738.5035 727.5129 716.89386 708.1633 698.1491 685.6549 676.4939 663.41736 653.26953 640.6928 632.0668 628.7819 624.5571 616.31006 607.342 599.5913 589.8793 579.0712 571.05566 557.97656 543.17706 527.6522 512.7593 498.44812 487.31412 474.3991 457.4533 444.31866 437.3684 429.11023 417.12018 400.68707 386.99023 373.59265 358.54425 341.3604 323.6147 306.40527 285.4733 266.69885 251.56436 246.79279 244.07286 237.47382 234.76468 236.52197 235.36191 240.22012 246.3216 245.48546 248.00272 254.40668 259.7005 266.81256 275.25146 287.58612 301.36865
