Data/artificial_surfaces/fd0591250.asc
ncols 106
nrows 106
xllcorner -3.0
yllcorner -3.0
cellsize 1.0
nodata_value -32766.0
[rows 54 to 80 of 106, columns 0 to 60 of 106]
697.74817 696.63153 693.1467 694.4668 691.1968 687.1795 684.9182 676.84314 667.5563 661.4429 655.9823 652.8916 648.37354 641.69604 637.8717 635.59314 630.2202 623.4677 613.98944 601.94403 589.81104 578.97125 568.45715 555.81104 544.9333 533.49866 522.22955 509.26093 496.96542 485.05063 473.9036 462.39075 452.22464 445.9737 441.13852 436.70023 432.31653 430.50885 426.8684 424.0628 427.4002 423.64062 416.19244 410.18542 411.33252 415.55734 414.5984 410.92618 406.93372 406.69525 406.99313 407.77008 405.93896 403.9085 403.05585 406.48846 411.39276 414.61664 418.84036 424.89478 427.76724
694.62744 692.90424 692.4905 689.7915 687.09204 683.3905 677.61536 671.3837 662.309 654.4637 644.30676 641.71313 638.74146 633.9194 629.3815 625.42377 620.45953 615.1108 607.4514 595.7702 582.5818 570.8919 562.1408 554.02216 543.2263 530.40643 518.6577 505.70663 492.37122 480.5545 469.8862 458.94852 447.7861 441.31125 438.78345 436.49954 432.06232 429.8693 426.84753 423.09488 425.15686 423.95135 417.4865 411.54245 411.99872 412.84534 413.10342 412.31454 412.9114 412.528 410.0382 410.73947 409.38785 408.4597 408.9681 410.69885 415.03543 419.6553 424.42087 429.5957 432.3058
688.4707 689.03296 687.0397 684.02826 679.0399 675.66785 668.1155 661.874 654.69324 647.7345 637.72833 634.4852 630.7898 624.1989 618.61865 614.4727 609.17633 603.04694 595.6639 586.14984 574.2684 563.1346 553.46655 546.3123 537.103 527.7599 514.3786 500.54584 488.5525 475.2485 466.51443 455.7682 442.9923 436.33698 433.881 432.7574 431.86688 429.31976 425.05737 421.7138 424.2785 425.47803 422.51157 417.63025 413.7249 411.22855 412.58 412.9402 413.5759 411.56244 407.66516 408.34143 409.2102 409.37167 409.89767 413.0936 418.4701 421.48767 427.6004 433.82565 437.2798
679.3356 683.3064 680.57043 675.0516 671.2719 666.5393 660.7057 656.8894 652.21857 645.0133 634.97644 631.0793 623.236 615.40265 608.3842 603.17676 597.45844 590.18866 586.01337 578.7229 566.0973 555.6813 545.9236 539.02985 531.1335 520.2379 508.452 491.7635 479.33643 470.15457 462.1516 449.39047 438.87903 434.5699 430.84106 430.67352 431.04895 429.83182 425.9488 420.17596 419.05035 422.3617 423.73846 420.39865 413.8223 414.40598 415.0925 414.47565 412.61795 408.86227 406.706 406.96436 409.8487 408.27103 408.1402 411.20337 418.28638 423.1772 426.22345 432.8907 434.08044
673.6799 675.9306 671.53625 667.4522 665.0908 663.24524 660.2139 653.5585 647.9908 641.0484 633.8749 626.99164 617.868 608.84424 600.26154 593.572 587.8718 580.50476 574.8606 569.56323 560.7756 550.4169 541.6899 531.7463 521.88666 510.13037 497.02698 479.96783 467.64926 460.08832 455.16107 445.18555 433.56128 431.5085 427.1527 426.45996 427.66672 428.7916 424.15897 417.93042 416.03357 415.2147 416.9508 416.66916 411.76736 413.42947 413.02667 415.22336 413.29083 411.1222 408.35538 407.127 409.2937 409.2616 407.7146 409.75186 414.9082 422.34302 422.7193 428.2237 427.51715
664.89606 667.12415 664.4749 661.00757 659.622 656.47095 655.0872 649.5779 645.8723 638.35205 632.484 622.4314 612.0205 603.9087 595.803 587.1053 580.8703 572.8779 567.9283 562.66345 555.4232 545.4236 537.2715 524.5875 513.1504 502.41376 489.2038 475.09494 461.7741 456.0297 450.35977 443.0548 434.91113 430.0987 426.33322 427.4549 426.18936 426.9264 422.6645 415.40744 409.74725 408.71475 410.39694 410.35538 408.47162 411.79538 413.0172 415.30826 413.68414 411.335 407.59082 406.6386 406.60327 405.37476 405.7691 407.02115 414.09244 420.9777 420.07526 422.76407 423.74756
655.11597 657.30554 659.2169 656.00726 650.6217 646.83844 647.1892 644.329 640.1014 636.4825 629.2343 621.8412 609.06573 598.89276 590.44885 580.5262 575.06146 571.11255 564.582 557.39874 548.3375 537.11884 527.13873 518.6356 510.8197 500.504 486.8442 472.8787 463.41333 457.22968 449.1753 442.07257 437.28204 432.2863 430.39453 428.6399 427.19992 423.33173 418.95822 410.579 404.94476 406.39194 404.32898 404.85114 405.54498 407.21115 412.64392 413.07034 414.68338 410.86356 407.52426 408.09573 403.43372 401.3195 402.7262 408.3704 411.24893 415.54385 420.46216 421.7284 423.29697
652.3807 652.99567 654.0322 649.92285 644.0562 641.97217 641.4316 642.17993 639.26575 631.8511 625.97894 616.68805 607.41473 600.07043 592.6313 580.49493 572.3207 566.1721 559.28204 552.3095 543.27966 531.0611 520.0282 512.8126 507.49442 496.69547 483.42828 471.53735 463.7368 458.84607 449.44223 443.26428 439.7056 436.9051 431.99072 426.81403 425.43262 422.19678 418.2514 410.28632 405.33536 404.31223 399.78992 400.92706 399.38467 402.92102 408.86572 412.3663 413.65222 410.67462 410.24734 405.60516 401.18832 397.0531 399.6571 403.593 406.22498 411.87732 419.9647 421.1599 419.47266
648.3665 649.7107 651.84784 647.843 641.1013 639.7828 639.2318 637.8815 634.8239 627.9868 619.82117 609.9431 604.8618 599.3074 592.49866 585.242 575.6543 565.0573 554.9613 547.6053 540.9714 526.58093 514.86615 510.5798 507.64514 497.91354 482.70367 471.97397 464.60223 459.896 450.9436 444.28302 443.59967 442.5083 433.09213 429.1075 425.60205 424.6056 419.33542 412.3762 404.6703 400.36105 398.78842 400.16687 396.70755 400.4832 404.25803 408.62247 412.51373 412.9611 410.08643 405.6145 398.65033 396.4286 397.3612 399.58844 402.04767 409.50797 418.66266 419.4383 419.09027
649.52356 649.2078 651.03253 647.8149 639.84314 637.5728 635.433 631.5423 626.21674 621.9293 619.4146 610.72144 604.5737 601.0249 595.59155 588.7812 575.6221 564.8794 553.3308 545.3398 538.1736 528.29065 517.1298 509.68777 504.4651 494.1335 483.52805 475.076 469.48123 461.5431 454.3582 451.37918 449.98898 446.84192 437.1783 432.85626 429.65274 423.78906 420.06372 414.7492 407.74603 399.92258 398.10934 395.55908 392.7879 395.35263 399.60754 403.52667 409.8108 411.35345 407.24988 401.3487 397.48895 395.8406 397.18213 398.6859 398.0535 400.64127 410.8078 412.41803 415.15894
652.334 648.19885 648.45154 644.5511 640.4033 634.05164 631.45386 625.3415 620.60516 616.6948 616.2049 612.29834 606.48755 602.0001 595.51953 588.6781 577.9463 566.71204 555.2817 546.5777 537.82556 526.27 515.8719 509.3843 502.12082 489.98877 482.2634 475.6895 470.31662 465.67856 457.50076 452.7084 451.17044 446.5926 437.0346 431.01642 430.41168 424.89178 420.16925 419.16174 412.20288 404.14093 398.30115 393.82825 391.49158 392.83514 394.76044 399.4125 404.7735 407.20227 402.33014 395.87463 396.7799 395.57288 392.91806 394.7586 393.99356 396.18942 401.3407 403.02423 407.5091
652.35535 645.18475 643.00165 643.55225 640.9057 635.1968 628.9486 622.06146 617.12 614.90344 612.69574 612.42773 608.89594 603.02734 593.8907 586.46466 574.6822 565.80493 553.238 543.4146 534.9947 522.3078 512.22296 506.84854 498.11642 487.30603 479.239 473.81668 472.3143 468.7656 461.82852 454.84998 450.30908 447.83884 438.74112 431.15442 430.0177 427.26434 423.6782 420.42758 416.1436 406.4773 399.34378 394.18842 390.47607 389.95294 393.30795 397.56552 398.32916 399.34583 397.09183 392.63474 390.14062 390.46948 388.60526 390.61377 388.19913 389.28717 391.6394 396.24338 400.41437
648.3153 639.8056 638.25226 638.1715 636.8052 633.09564 627.5642 619.78827 616.22955 612.43866 611.4541 613.0504 609.3325 600.87 590.61694 580.8959 571.34235 563.42883 552.9258 542.9445 535.4978 524.5649 513.66583 506.55865 500.6222 491.57312 483.47888 479.5765 474.27444 468.83536 461.58078 457.02484 452.3874 447.09937 441.11853 438.74734 437.91425 434.3256 432.1549 425.99313 416.81168 408.0036 401.91385 395.6031 392.659 395.41507 394.93948 391.88586 388.19345 390.91907 391.33783 388.94287 387.30756 387.34845 390.03345 390.14276 387.09677 385.4649 386.04993 389.48953 390.89746
639.1541 635.9988 632.9555 632.7104 631.0596 623.5409 621.99426 617.87115 614.9485 611.81836 609.49896 609.7965 605.56415 595.86346 583.807 575.1484 570.5786 564.1207 553.12286 544.7099 537.1438 527.36084 515.6551 509.29175 506.55005 500.00797 491.24265 483.75494 479.97327 471.68915 463.91724 458.49393 456.06183 451.38614 445.6562 446.78647 445.57516 442.4615 437.81754 429.63016 416.6851 407.3747 401.3056 397.07404 395.98676 392.94327 393.0484 385.6413 379.66388 380.185 380.15463 381.16016 382.12064 383.48895 387.39984 387.23294 387.1181 383.7772 382.28787 383.60907 383.84302
635.99756 632.5737 628.6182 627.27155 623.82544 617.996 615.3073 612.01544 610.5897 606.4976 600.86786 600.02423 597.93494 590.6571 578.6191 572.31226 568.1679 560.4884 554.2783 544.6297 537.61584 531.86334 522.4628 518.24023 514.6994 508.7078 497.6533 489.6343 485.12903 481.3817 471.875 463.5639 459.56683 454.0213 452.01605 451.7705 451.93106 447.54086 441.45792 431.4995 420.6234 410.29324 403.50168 400.23123 395.53113 391.81842 389.10907 381.32346 377.24863 373.54126 372.9893 373.6765 377.2268 378.67416 383.77045 386.19263 384.89685 379.26514 376.04694 374.3794 376.5475
632.5243 628.4242 623.8628 618.68225 613.7542 610.2566 608.5023 607.6168 603.6603 598.6752 595.52844 591.8043 588.3002 583.22174 576.1471 572.97986 566.21643 558.6194 553.8845 547.1121 541.71954 538.3153 535.1928 530.1026 524.9146 517.3067 506.29465 498.95157 491.17987 486.9586 479.97983 471.7432 463.63297 454.8742 451.83365 452.51505 453.6848 449.60394 444.03052 435.53885 429.0133 415.38422 407.6477 402.6736 397.23276 391.63058 386.01523 378.22314 374.4673 369.80255 366.5879 368.38623 370.68237 371.8355 372.8615 377.26587 374.4475 370.2123 366.98743 366.10938 368.93713
627.28314 622.54236 616.2677 610.0423 606.48047 603.47253 603.2539 604.1983 602.1774 596.70667 592.33966 587.662 582.14 578.8319 571.22644 568.0825 564.57404 559.37463 554.4645 547.69293 544.25476 544.43243 542.0371 536.9204 534.87946 526.27893 515.36304 506.28824 496.44778 491.084 485.54514 476.9224 464.9628 454.81708 448.48825 450.91458 451.8718 447.9333 441.56302 435.05368 428.94373 417.52585 409.11462 402.27975 397.25952 390.67856 383.61505 375.84265 369.57745 364.31458 358.0835 359.46362 361.0771 363.4837 362.00763 364.45874 365.26672 357.3714 355.62354 357.62024 362.62207
623.525 618.9594 613.6134 609.6811 609.07336 607.2028 603.83136 603.0838 602.7329 598.76984 590.6391 587.70624 581.68256 577.62964 571.5398 564.90314 560.51495 558.2447 552.5777 547.8666 544.16846 544.8439 545.1416 540.7596 535.9754 528.4507 519.7238 512.9106 502.9908 496.01987 487.4666 475.8119 463.739 455.3877 450.17627 450.38382 450.42517 448.1934 441.379 430.19186 423.62952 417.03464 411.05215 403.35382 396.88965 390.51077 383.21585 375.47668 366.22372 355.91174 350.72632 352.3606 351.14496 352.97913 351.10895 350.41656 352.98163 346.86078 344.46585 349.74512 356.79926
619.7644 617.9248 616.12067 614.066 612.21967 611.8623 605.8892 599.60144 600.91455 597.23553 588.21906 585.0893 579.0498 575.5724 570.20435 563.6845 559.0584 555.7302 550.43994 547.32715 544.60297 546.2726 546.4397 545.206 539.6209 529.53485 523.5167 517.5429 509.2557 498.844 485.64868 476.13452 465.06464 455.5538 449.67145 445.71313 447.13293 443.0276 435.11816 426.0021 418.7604 416.74823 412.2943 408.03244 398.68103 390.68237 382.42133 373.35632 361.4782 350.04575 346.87115 348.42072 345.81854 343.23407 340.72433 340.22308 340.9693 335.99066 337.54153 343.3236 350.6398
621.2895 618.42456 616.84204 614.4197 610.01587 607.51886 601.4793 593.80316 593.47577 592.81213 585.368 581.1699 576.37054 571.319 568.194 564.3034 560.52386 554.8655 550.26526 543.78485 542.5416 544.70465 544.3206 541.89606 537.9861 529.9191 526.555 517.052 511.22592 502.3844 487.9993 476.49243 465.40656 452.5169 445.59802 444.43033 441.14526 434.10156 428.49634 424.61038 420.63397 419.1283 412.7765 407.9638 402.40338 390.89502 381.33566 369.18982 356.25122 345.68652 343.7218 341.33533 339.92984 337.29422 335.45258 332.23218 333.4077 329.33295 330.45007 335.59198 342.5543
622.1023 617.5043 614.7212 614.25195 609.5982 604.76373 601.2034 595.93396 589.9408 590.8868 587.7372 582.1591 573.8855 569.55145 566.81824 564.29443 561.43256 554.70337 547.31866 543.09753 541.9064 541.23627 543.3474 540.8308 536.5935 528.81445 522.8208 516.83417 510.07037 501.98972 490.609 476.19092 464.46484 451.4786 442.99295 440.63046 436.8994 430.9396 425.61606 421.3253 416.03082 415.53326 411.03198 407.63614 402.78915 392.22314 382.6421 365.51108 353.49896 345.7104 340.5025 338.51782 334.88245 331.3852 329.09033 326.67136 327.5063 325.59515 322.9406 326.31165 331.35626
624.3315 621.4193 622.05695 617.22253 613.593 607.55945 600.3229 596.78326 592.40857 592.32605 588.79425 582.60754 574.6325 567.9553 563.63324 562.5854 560.59564 556.8356 552.48486 547.532 542.654 542.9706 543.9641 540.5235 533.7144 529.7999 523.0343 515.39777 508.96533 499.60538 488.18915 474.96747 462.89316 451.4997 445.20132 439.09146 432.0611 425.86612 420.86523 416.65652 411.73666 412.58862 408.06094 403.1438 395.94394 386.26382 376.7213 363.29977 351.44162 343.82916 337.2038 335.07062 332.12256 328.68915 323.98865 319.36835 318.84442 315.73083 314.27844 316.97577 320.61993
629.3191 627.1931 624.6317 621.6527 616.157 608.94244 601.2031 599.0186 598.0248 596.6271 590.7384 585.2611 577.5541 571.0717 566.781 564.1619 561.7304 557.6733 556.3997 549.3743 544.0125 544.65784 542.8918 538.8691 531.1731 524.47815 518.12646 512.4497 504.7025 491.50912 485.54477 475.91138 462.9032 453.6766 445.8644 438.6015 427.74896 421.62405 418.21976 411.78217 406.71106 404.29767 400.3075 394.72864 388.12643 379.92267 371.06854 361.05145 346.98984 338.85785 331.39423 327.25507 323.50726 321.03485 316.22864 314.07532 314.40668 309.5347 308.95206 310.65826 310.91052
632.8812 629.4137 626.3949 622.2214 616.1349 610.33386 605.3995 601.96173 599.2678 597.64954 594.67303 589.27856 578.6656 573.7228 569.522 566.3952 562.9819 556.713 552.8895 547.42334 545.05444 544.76105 544.73224 542.2927 531.22046 520.9475 511.78012 507.21442 500.37344 488.69357 481.18082 475.41226 465.2419 456.10178 448.6384 437.4309 426.27072 420.74637 415.94305 405.49628 399.33774 395.7861 393.5263 387.5869 381.62274 375.76242 366.24744 356.4805 346.17938 337.23303 330.3822 322.7928 319.35968 315.97018 311.70844 308.20245 305.50464 302.80865 301.1444 303.50238 305.56775
640.15393 634.0333 626.7721 622.95685 621.3682 618.06433 610.0945 607.0918 600.6381 598.1075 595.2137 591.1011 581.28253 574.6498 569.9034 565.14545 563.6582 558.1408 552.3416 547.5983 542.6938 541.5706 543.2097 541.92096 533.9914 519.3191 510.22327 505.60764 498.23917 488.51956 478.9737 474.63794 468.73984 459.16138 448.76575 439.2757 429.30627 419.89462 413.06076 403.96777 396.10498 389.61963 385.8011 378.95367 374.82684 369.90234 364.79688 357.45874 346.0289 338.9803 332.60535 323.1846 319.28775 314.0241 307.05328 301.8011 298.2536 295.08032 290.6626 292.46918 295.1118
642.8251 636.26227 632.2007 629.57837 625.8965 622.7958 618.11414 615.7413 608.7998 602.5526 593.8003 586.98047 581.0379 576.2895 573.9948 572.90735 566.96387 559.26605 553.6606 547.1441 541.85223 541.2772 541.5311 541.06744 531.43 519.57367 509.72147 503.69247 497.47565 489.51035 478.51025 470.87067 464.72998 456.62427 449.29517 437.75616 428.53186 418.41483 408.84265 400.42444 394.14886 390.3842 384.1299 373.7644 368.0439 366.77283 363.14087 356.14584 343.7819 332.0075 324.36487 317.4044 314.9351 308.40262 300.51617 296.35193 290.85907 287.29517 283.24377 282.2251 285.58118
642.55237 641.44006 638.0281 633.3943 626.84064 622.63745 621.5295 622.16486 616.84485 608.92944 596.8854 586.1561 582.32135 579.0415 580.02216 575.5648 569.3962 563.87024 555.8877 545.83704 540.815 540.1714 538.543 535.5679 526.7581 518.57574 511.8793 504.47256 496.16342 487.3955 477.29355 468.53177 460.1052 449.91415 442.4418 434.62982 424.41153 415.5247 409.0717 400.62415 396.71912 391.10144 383.9356 375.87958 368.9955 364.7385 355.61194 351.79672 341.25815 327.66656 316.1159 311.46906 309.9867 305.08408 297.34366 291.2931 285.4093 278.53546 276.0951 276.023 274.81635
