Data/artificial_surfaces/fd0591250.asc
ncols 106
nrows 106
xllcorner -3.0
yllcorner -3.0
cellsize 1.0
nodata_value -32766.0
[rows 27 to 53 of 106, columns 0 to 60 of 106]
762.9905 756.9197 751.6502 749.3341 744.11316 732.84595 721.7095 711.7698 701.23126 688.27106 680.443 666.3715 653.257 643.45886 637.44867 632.42487 627.1859 621.63116 612.43933 603.9595 592.2783 578.7414 571.81213 560.2173 548.72546 536.2332 517.8057 503.0367 491.29312 479.69745 463.9927 450.4873 442.28445 437.67285 422.05347 407.0562 393.3953 380.21582 363.64185 348.05396 331.6246 317.14587 297.72925 276.97736 264.17722 255.24936 253.60345 247.51367 243.97739 246.38406 244.77281 243.02594 247.42477 250.6189 250.73628 254.69292 259.68933 266.62543 275.91272 288.1855 300.46246
762.1587 754.2814 751.8777 750.5541 746.43665 737.2825 727.4717 716.72174 705.7494 692.10974 682.28876 669.155 652.7668 643.6922 638.4698 634.6124 630.1765 619.96924 610.96533 602.0826 591.92114 579.248 568.44727 556.92236 547.3158 534.8154 520.2819 508.02728 494.235 485.34195 471.6794 456.75247 447.95837 443.03345 431.8202 415.153 400.32486 386.1676 369.09573 356.01877 339.54578 324.3175 306.72095 285.57007 272.5815 264.3931 258.30945 253.3482 252.13812 252.4763 249.56421 246.28473 248.44952 250.37248 251.56013 253.37494 256.08893 263.51953 272.44946 285.74673 298.4676
762.5887 755.18176 750.9735 751.10596 746.24036 738.29144 729.6366 720.9418 707.13324 696.77454 683.54944 669.6286 654.7745 646.269 641.09314 639.2091 630.2156 617.67834 605.856 601.56696 595.2674 583.54224 569.7507 554.63336 544.6846 533.033 522.62494 511.63 501.86526 493.98444 479.42303 461.68695 452.02078 447.3697 435.17136 419.36914 404.8178 390.5854 372.91 354.4629 341.51514 327.86548 313.03308 292.48102 278.2422 270.5582 263.55606 258.52753 255.48337 254.15659 252.1703 252.88954 248.76381 249.21071 250.97125 253.87154 252.84378 257.4019 267.03833 280.56155 294.09814
764.789 756.73193 752.8919 748.71875 741.5458 734.3928 727.8348 722.5771 712.2621 698.7267 686.3723 671.05505 658.73303 652.19617 647.0048 639.10077 629.6056 619.6335 608.2314 602.0595 597.378 591.17706 576.84845 561.72437 549.7435 539.9965 527.40936 516.83704 507.67896 498.30444 486.10095 470.3547 458.6302 448.46024 433.3948 418.5504 405.70578 390.7636 372.00632 355.71542 343.16577 327.359 314.7287 298.18118 284.4996 275.4132 267.4936 259.95203 257.9239 259.7588 257.29953 256.10864 252.45145 251.47713 255.21341 255.68787 253.26443 253.5366 262.10373 275.96692 290.94418
765.7053 756.9907 752.27563 745.5624 738.05695 731.8367 724.484 718.76294 710.22577 699.15686 687.4996 675.1913 661.74884 654.28986 649.6323 640.2827 628.83466 619.52496 610.2049 604.41077 601.723 593.1879 579.8261 567.04987 554.9544 543.67914 532.7256 521.1394 514.8091 505.46185 491.89984 476.40488 462.00064 446.5882 433.1811 418.4493 403.7096 389.5691 373.72812 355.35547 342.24512 327.28082 315.14178 300.91382 288.35925 278.23553 273.0955 265.13568 262.6411 264.24194 261.54922 260.1264 258.95154 256.02777 259.33524 257.8024 253.99161 251.47327 260.047 274.11325 289.69836
763.2937 756.9677 749.6932 740.7689 733.3566 728.4884 721.48816 717.63635 706.45264 696.7189 683.6666 678.79224 671.1698 661.42834 653.26587 642.64856 632.0062 620.1466 610.78424 604.7874 600.94775 591.8967 577.9224 565.6699 556.61475 546.4949 536.29694 522.5853 514.0106 505.81165 496.28055 479.63416 465.6876 449.41257 434.68213 419.80048 402.85156 388.4068 375.5174 357.22586 343.34924 330.36844 318.30518 303.6223 292.44098 283.39307 276.29398 271.67075 272.07846 270.5437 268.46765 265.7754 262.0055 261.81445 261.9314 262.1876 260.7212 259.0343 260.31757 272.77692 285.8996
763.4746 757.6907 747.4944 738.05566 729.7224 725.3979 720.68726 715.1803 705.0808 695.2021 685.25397 679.12317 676.226 667.34106 657.8209 647.3134 635.3213 622.23956 609.017 603.13336 600.8602 592.1345 577.1408 565.8007 557.6814 547.81195 537.9121 526.90155 518.2792 509.4105 498.59363 482.70895 466.6995 452.71606 438.7863 423.5376 407.1781 392.3871 379.0823 365.67206 348.6969 332.88727 320.74902 310.65457 299.92593 291.89594 286.44513 281.6362 280.02753 276.71765 273.4795 271.61572 268.58807 268.51074 267.6953 268.7346 267.4585 267.4187 268.59814 277.46854 287.18668
760.8665 756.8076 749.3052 741.2816 730.2931 725.8966 723.0083 718.14996 707.2559 698.6212 690.1531 679.80066 674.60364 667.3533 658.99524 646.52 632.2511 618.7099 612.2095 606.5484 604.11694 595.2241 580.0463 564.90784 554.37317 546.0647 539.8035 532.3443 521.48615 511.06668 499.8858 486.3103 472.16873 454.04303 440.27185 428.41245 413.80664 396.22314 383.16318 368.78357 347.09183 331.5979 318.88943 312.9788 309.05783 301.24426 294.2528 292.71167 288.88852 281.50867 276.8296 276.07904 274.0954 269.0464 268.39447 266.08194 269.22827 275.12946 279.36652 284.3971 291.4715
760.36035 756.4842 751.092 742.5427 732.2568 725.22327 721.7215 719.1231 712.8603 702.3876 695.3852 684.8672 675.7438 665.6005 656.75134 644.1221 630.61304 620.009 614.1561 609.9769 605.551 593.67474 577.77185 564.74304 552.0918 545.19806 541.6763 534.4905 525.1348 515.11615 504.0129 491.00177 475.48312 460.61783 445.23648 432.2768 420.97385 403.91705 386.82443 370.27356 350.84525 335.00873 323.48486 317.20828 314.07556 306.40283 302.57703 298.53802 292.9964 287.33777 281.37616 278.28543 276.89185 271.8576 269.03387 269.68628 274.08093 281.7768 287.13022 291.61285 299.7542
763.9813 761.84705 754.4704 743.8683 731.46014 723.06055 719.717 716.5489 712.0371 703.25336 697.276 688.9736 677.5105 664.1604 653.46924 644.70105 631.5765 623.51495 619.2086 611.1864 606.5889 597.1594 582.32666 568.2189 554.92914 548.59326 544.9753 538.4839 525.6706 516.44366 505.95364 494.06183 479.68423 464.9145 451.51178 435.82086 424.0739 407.73782 388.0569 374.74612 359.42712 344.65076 333.271 325.93457 321.04083 312.4275 307.62494 304.17487 299.35333 291.96967 286.46048 282.41272 284.42065 280.4272 276.2724 278.018 282.732 287.43024 293.20215 296.1667 305.45514
765.2709 764.4685 755.5476 743.7396 732.50073 723.17975 717.76434 714.4475 712.4574 705.8549 697.92944 691.88586 680.1076 665.53796 655.50885 646.3497 633.9469 626.92975 624.16956 613.4359 607.4653 598.2334 584.81604 572.56757 561.66144 552.7505 548.5842 542.7013 529.9058 519.4228 509.9084 496.12134 481.51547 468.74136 459.47714 445.35944 429.59552 413.66644 394.10822 377.27734 363.43246 348.9879 341.423 337.43646 333.2727 321.88983 313.1714 309.43542 304.94305 299.6744 294.9079 290.70786 287.28717 286.58954 285.19345 287.77887 292.14658 298.61273 301.96426 303.16272 315.20126
768.12805 767.4651 757.80383 746.74725 737.4007 725.1478 715.48724 711.58514 710.0113 706.1875 700.7517 691.02783 680.4137 670.7577 659.4229 649.6439 638.9577 634.4658 630.30255 619.60156 608.26074 599.1532 583.8415 572.2283 565.49817 556.85583 549.4905 542.1949 534.3541 524.8791 513.2749 498.9465 482.89804 474.36926 466.43137 452.25204 435.54037 417.00424 401.67572 384.11343 368.8136 357.9842 353.57196 348.3687 341.18292 330.092 320.13745 314.2096 310.71823 304.56213 299.87103 298.2597 296.42236 293.7462 294.6765 299.27942 303.76056 310.5592 313.40775 313.16058 322.39935
765.1393 765.5625 760.14954 750.86127 738.9039 728.06323 718.47015 712.62366 706.7117 700.80664 698.58026 692.73474 684.5205 677.362 666.0767 652.433 642.3019 636.99475 634.4678 624.37036 609.4404 597.06525 585.8368 575.2241 566.0096 557.7528 553.3957 544.9469 535.6494 525.99805 514.995 502.6947 491.19043 482.33884 471.60754 459.31604 442.91992 423.93277 409.42847 395.23062 380.5122 369.035 361.06888 355.70978 347.87488 334.96442 328.75858 323.1137 316.97266 308.99713 306.19562 304.87177 300.7693 302.6856 303.35083 305.6142 313.04913 319.7845 321.04553 321.45316 326.54657
758.9436 758.135 754.9475 749.00464 738.86316 729.82635 723.12946 718.8445 713.1941 709.49536 701.41455 691.4475 683.8627 677.01733 667.6339 652.6157 643.63403 637.76965 632.5526 627.0734 614.8429 598.5052 587.15106 579.94073 570.7087 562.6065 556.586 549.08856 539.4534 530.2747 522.91876 510.7821 498.63898 489.04095 477.07214 465.59525 451.2798 433.123 416.1435 403.43658 389.2096 378.6792 368.5393 358.8553 351.5401 341.4589 333.74963 328.64883 324.8932 318.02686 310.6822 309.84204 308.87482 311.11984 312.74457 314.9078 321.6125 325.633 327.29218 328.6379 332.24347
753.31433 753.38666 749.707 745.8915 740.2857 731.4261 725.01556 719.0515 717.8117 714.786 706.08307 694.772 686.56274 676.9563 669.4967 654.8008 645.332 641.18304 635.23364 629.6761 617.83734 604.002 591.5579 581.33264 576.36914 569.95044 563.8631 553.50916 543.4535 538.0564 531.813 519.68823 506.8959 494.02722 481.13834 469.0129 452.99304 436.67862 421.15515 408.48386 397.74075 386.76978 376.2557 367.53848 359.29718 346.95612 337.60077 332.46356 327.25812 321.35916 317.73288 316.80588 317.34576 321.47687 323.40704 325.6352 329.44318 335.1767 335.58167 337.94965 342.92886
750.9085 750.25586 748.6643 742.52924 736.3048 730.885 727.4751 722.5948 721.32166 712.13 702.76215 692.9148 685.1475 678.398 668.31915 656.1655 649.04846 644.38745 638.6001 632.38184 620.6711 604.47815 589.4433 579.6643 578.6148 573.6334 566.25525 557.68005 549.1013 542.46985 534.241 520.7792 507.0551 496.60468 485.63098 469.8321 452.33316 438.5218 427.00833 416.0945 403.58087 390.75116 384.49594 377.92725 364.8155 351.79196 342.08075 336.01257 330.31458 323.90277 325.45374 324.96457 323.64154 326.52454 330.74152 335.82248 339.2948 346.26016 349.57288 347.2514 353.59387
748.26917 747.65894 745.4616 742.53577 735.9348 730.24475 727.6056 726.41003 721.4218 710.69653 699.3913 692.20074 684.56323 678.2909 669.8087 659.4174 649.7675 643.1858 638.66956 630.55396 618.4583 601.5542 585.1489 580.7239 581.5038 578.322 568.75305 559.48804 550.27826 543.1526 533.32446 519.8107 508.19894 496.9639 485.85718 470.34122 451.80145 439.3069 433.33228 421.89774 410.1703 400.08746 392.13007 383.72183 371.21075 355.93396 347.5588 341.1121 338.22473 336.51166 333.06015 331.2055 330.6115 330.72845 335.4928 341.54156 346.80743 351.972 356.96796 360.0888 365.56607
744.12054 743.75806 742.4666 738.202 735.7112 730.8744 728.318 726.07654 722.5375 712.65515 701.58203 693.048 684.46204 676.5038 669.1265 657.7765 648.4432 641.897 635.1456 625.8849 613.04474 600.8649 589.14734 585.0256 583.5942 578.94604 566.57434 558.68 548.80164 539.11694 529.28827 519.64166 508.76962 498.11978 484.52338 467.2871 453.67365 443.3692 434.7908 423.37756 414.1812 404.25262 394.09753 386.60742 377.34198 366.8725 357.4838 347.67554 344.9784 343.2154 339.04596 336.9825 337.8295 338.4375 343.40967 349.12646 354.80853 358.71875 364.33188 372.35193 376.0005
739.5386 740.7106 737.41534 733.00085 732.28564 729.338 725.1479 720.38654 717.9385 710.1061 700.47217 691.1118 683.1381 673.8293 666.7612 657.2791 651.58856 645.3264 637.4703 625.0546 610.1848 601.3332 594.4013 588.0367 583.42316 577.1262 565.0431 555.9262 546.57074 536.99146 528.7638 519.92084 508.79117 496.57477 482.72925 466.8293 453.13837 446.21375 438.2819 424.67334 414.4328 403.05646 396.5538 389.3601 383.54105 374.73468 364.75342 352.85565 349.78204 346.4356 345.00568 343.28088 343.75787 350.42468 352.60425 354.02533 357.6399 363.9644 370.48935 374.34546 381.41284
735.3778 734.6371 730.35895 728.0858 728.5595 726.34607 719.8126 714.51764 712.75244 705.69116 696.85876 691.6767 683.72766 674.2133 663.748 658.29407 655.43616 650.0727 638.19617 626.0066 613.61633 605.49695 597.69586 589.6654 579.98065 573.2779 563.3835 553.55774 544.3891 535.7719 529.4698 519.13837 507.60687 495.37375 484.1148 470.31537 458.5362 446.9331 437.00296 426.031 414.36505 405.0475 399.24387 389.56702 383.85138 377.16302 371.04272 360.35266 354.20197 352.78036 349.33466 349.97095 347.9438 353.61597 354.94833 355.49683 358.93488 366.6658 373.84485 378.3628 388.90094
725.622 722.329 720.7268 722.4409 725.3699 721.2941 715.04083 711.1575 708.50165 699.0304 690.8931 689.8609 681.20526 672.148 660.65265 654.41345 652.5693 645.9032 637.17615 625.7145 616.8682 607.23145 597.7373 588.8029 576.9646 568.8573 558.40594 550.76605 542.5033 536.33734 526.3508 514.4922 501.82303 494.28757 484.0594 472.19366 463.24414 454.17465 440.76074 427.56067 415.50003 405.06192 397.91064 389.3355 383.67017 381.97174 378.13818 371.7765 364.8952 359.8757 355.14 354.97778 353.69592 356.25208 362.64087 365.34457 367.81665 372.1485 380.1739 389.2177 397.4598
720.83276 718.39484 717.3967 715.933 718.2825 714.973 710.17255 707.3966 701.9442 693.56274 687.08234 684.8374 676.67444 667.3615 657.50116 650.9856 647.6915 641.8239 635.29517 623.57806 614.12366 605.88635 596.738 586.04584 574.486 563.8342 553.05615 544.18634 535.6921 529.6057 520.80145 509.5061 501.38922 493.31125 484.87555 473.93445 461.44638 455.25064 443.54822 429.24332 417.80975 406.53406 399.76447 389.79712 386.08438 385.24774 384.47192 379.47125 373.9811 368.1618 364.22937 360.45074 360.48553 361.3521 366.64172 370.74033 374.90356 379.24783 387.08884 395.74384 402.35657
721.391 715.7491 713.0076 711.2214 710.81726 707.4471 702.72614 700.0873 692.8277 684.0135 680.5325 679.41376 675.7309 666.482 656.5105 649.49097 643.9911 636.3993 634.5667 623.26013 613.20746 603.4377 592.6537 581.82623 574.3203 562.3934 550.7046 540.04926 528.22437 523.6962 517.4442 509.69302 502.6284 494.66763 482.13794 470.62112 460.5 451.39456 442.08145 427.8631 416.8148 410.7391 401.90997 394.74017 392.2748 391.58905 391.28137 385.70624 382.98724 377.053 372.65082 371.82324 372.89996 371.0073 371.01514 376.21613 382.93777 386.28156 396.09326 400.26 406.5243
716.79456 711.9202 709.66504 708.54144 704.55347 698.7689 698.07056 693.4988 685.3949 679.3426 676.29047 675.57184 672.8737 665.9674 657.5626 651.84467 644.5458 636.346 630.7989 623.19104 611.5982 601.14105 585.0387 575.8745 568.8883 561.17456 548.54236 534.8441 523.1216 518.3884 511.2253 501.10245 496.90024 488.96335 475.42142 464.5071 456.11353 447.6853 439.35352 427.6457 419.3989 412.82678 406.06396 399.94342 398.24304 398.88953 398.3771 396.89142 393.98218 391.63315 384.86548 382.54733 383.5927 379.16196 379.7757 383.5474 391.31522 396.15533 400.60538 406.0593 410.35468
713.07336 708.93835 706.06116 703.7684 699.8452 695.6825 694.4737 689.2085 681.6336 677.3722 675.0301 672.5543 666.617 660.1682 654.8335 649.6493 643.5215 635.92114 625.69446 617.07544 609.81793 598.68085 582.8369 570.30566 560.8266 554.60474 543.6918 529.00775 516.26373 510.70355 505.97552 496.94684 488.81277 480.47083 470.46954 456.9317 449.23578 442.62436 435.99512 428.502 421.7295 416.67926 409.21875 404.53302 403.16846 406.9556 405.4516 405.07056 402.0241 399.5042 392.44382 390.9131 392.11646 389.13092 386.84937 392.8209 397.37918 399.74957 402.49203 406.00656 410.50305
708.67395 706.41254 703.95044 700.2046 696.816 695.3397 690.3189 684.1293 678.27246 675.8057 671.9044 666.827 658.2547 655.2425 651.078 646.1622 640.5147 632.99414 622.44147 611.8749 603.68756 593.5183 580.3882 566.84625 557.03406 547.1864 538.3713 525.31775 511.14532 501.64346 496.66888 487.9705 477.60342 467.60397 462.6089 451.99753 444.26047 435.79175 433.40903 426.93063 423.67746 418.4454 410.32184 406.48288 404.48135 410.9315 412.13153 408.20895 402.90576 401.99982 398.2553 396.06702 398.2037 396.89954 393.68134 399.30945 405.08707 408.14246 407.74994 410.03082 414.08398
705.1022 702.0083 699.0695 697.03625 693.0572 691.88763 689.0405 679.935 673.64636 670.87054 666.8667 662.224 654.5597 648.4415 645.24927 640.5917 635.52734 626.56213 615.91516 605.7832 596.4278 586.7954 572.35815 557.3451 548.6723 539.3575 530.12396 516.5014 501.7936 491.7715 484.81088 473.7497 461.39392 453.30856 448.2551 442.3458 437.31827 432.59433 427.15192 426.11237 426.31268 422.46658 414.97406 408.7861 409.02805 413.7823 415.46368 408.9571 403.99927 403.45538 402.88373 400.62555 402.6306 402.21396 401.87247 403.5711 410.02637 412.84756 414.62357 417.8033 421.6297
