Data/artificial_surfaces/fd4000072.asc
ncols 106
nrows 106
xllcorner -3.0
yllcorner -3.0
cellsize 1.0
nodata_value -32766.0
[rows 54 to 80 of 106, columns 0 to 60 of 106]
420.58185 446.40857 458.9193 468.29254 448.24066 428.95276 439.9359 419.1285 407.33615 399.2182 402.31998 417.82837 434.14417 469.9127 498.70364 521.226 535.9352 540.94617 552.72986 553.80554 553.07794 565.8346 579.5204 595.1742 604.18475 609.59595 594.65356 591.2982 590.68146 602.7488 592.0029 572.4216 564.77673 592.37683 616.6599 639.2037 643.19165 653.21967 667.46606 631.8347 616.97876 637.3432 617.6052 589.93567 599.50916 597.139 590.6744 578.9375 560.1383 556.65393 581.30255 566.87103 591.9772 596.0861 585.0339 581.21375 599.95264 588.51276 569.31885 546.5461 524.1852
407.4361 428.31412 448.20792 447.70557 432.54065 427.66418 425.36795 405.51123 403.6208 400.17984 402.51642 436.90778 458.27603 499.9593 512.7671 537.2404 548.90906 553.3954 569.02936 557.3457 554.05963 553.0206 557.113 583.6485 587.2585 583.3784 575.6957 557.27094 572.68475 583.2706 563.3699 576.54156 585.3884 590.2247 627.67523 640.9825 646.6141 653.46216 654.05505 625.76794 624.4794 642.87573 637.41425 605.2674 589.0879 598.02875 593.2594 597.2759 598.31274 574.4883 562.0777 582.60657 605.6766 594.65894 592.0812 584.60297 603.9113 602.9822 571.20856 543.6337 541.7443
430.505 422.1684 432.9945 424.91055 419.78568 409.05322 411.34595 394.87003 395.9207 383.6758 411.6363 435.09937 466.07648 508.95044 515.93866 526.635 549.45514 559.21875 562.32275 554.7113 559.5142 553.5688 542.3248 570.9995 577.7616 576.068 565.6299 553.8599 568.14636 586.0622 585.0089 610.32404 607.3819 613.71375 633.5851 622.8592 643.1349 625.58307 624.9152 608.8197 605.6994 639.68384 625.35596 609.7015 601.66766 602.5112 597.6195 603.6572 589.854 580.961 574.2417 598.86707 610.5946 601.4408 589.87604 585.0503 597.478 593.096 571.4037 561.47284 554.72943
433.78708 428.867 420.5653 407.35986 401.26605 391.4894 396.38083 397.06058 382.7754 372.2347 387.42676 430.25354 456.24918 482.34702 502.6549 518.5899 517.70135 528.35486 537.1875 534.6585 537.6021 539.3828 538.9186 541.3613 559.24994 560.5539 562.822 570.94464 582.54016 595.1032 621.919 635.3466 645.5901 641.3574 628.1967 629.3554 629.3904 628.2444 635.72675 640.2123 631.6709 638.6547 645.01355 638.92773 602.7519 587.6725 590.9674 596.9509 589.74695 571.7644 577.51227 607.04193 616.6511 600.9895 592.8564 582.91486 590.0421 589.19214 578.7975 552.47894 543.0916
454.20383 428.16946 414.25604 414.33807 397.27618 376.96893 388.95132 392.3949 375.89835 366.50217 379.11227 432.36108 429.68567 449.40335 474.33392 490.3843 506.46014 512.59705 501.0811 516.5668 527.84235 526.1546 539.6994 533.30194 542.6799 560.8893 567.5786 579.5012 596.47217 592.4411 613.89343 630.5378 631.9105 642.53784 633.84827 651.3176 644.9686 647.65216 657.3417 653.23517 633.37714 639.25757 651.57697 637.9223 621.82825 603.828 607.11414 619.7871 598.61725 603.317 582.0167 595.8922 607.0365 590.4977 591.36206 574.218 570.9064 585.5641 578.3579 535.2402 532.3513
458.56998 430.47574 418.72186 417.7148 412.10376 396.813 391.99152 395.5106 367.58008 367.7249 363.23096 398.43222 415.19864 428.78903 452.89963 477.04178 495.00662 517.5058 503.4838 515.90356 520.108 524.6429 545.55634 552.3598 556.457 563.8512 556.8106 565.5797 588.9322 568.6216 567.3794 592.24066 622.18005 628.0503 621.04254 618.1017 633.5916 642.6262 663.4909 658.76636 636.5308 648.97327 657.4851 644.3144 639.02216 615.8684 626.37756 630.0295 604.9667 596.6181 593.21497 605.702 607.30963 600.92896 591.15454 585.1708 580.7196 576.23254 572.60504 539.55963 511.81766
441.33545 422.5862 418.0028 421.67294 409.73462 391.7183 384.55463 378.12436 384.96204 397.43857 381.6197 392.96863 400.17953 416.61282 458.6656 469.14386 489.85867 484.87057 490.6321 516.97266 518.90607 528.5416 548.53186 543.30505 548.9537 568.64294 556.6528 569.44836 576.9674 541.33484 545.15656 574.1199 590.4394 598.8237 600.29694 601.03796 615.88477 639.40576 659.053 655.372 645.90356 668.6517 657.52985 654.63184 666.95703 643.10443 643.5864 633.996 601.7706 598.7463 608.23816 621.0277 635.5925 607.5981 597.9479 576.2549 588.0117 586.93964 564.025 542.7758 493.41318
423.56384 424.36066 415.85977 404.9094 392.44443 398.35773 384.22168 372.87396 383.78693 383.63748 383.56653 385.8253 393.14264 402.4153 417.71124 428.57144 441.68243 440.04828 466.25696 517.3385 517.607 523.6085 555.54456 552.1227 551.3557 569.43317 561.2978 573.09656 559.3319 535.2414 546.2391 560.39343 565.503 568.4359 581.2288 606.05963 602.76025 627.37933 636.9983 634.9115 633.4191 641.60864 633.801 645.97046 680.43787 678.038 652.99493 608.6425 597.103 604.09686 617.13196 629.83765 643.43555 629.8238 605.37616 577.8374 571.7112 577.9201 565.53796 535.59955 502.08322
416.23743 415.42975 414.81998 396.7931 395.39914 401.80862 374.1178 362.2687 371.22418 396.5558 403.09247 411.43076 393.62418 389.76538 394.81772 408.27057 417.30206 430.40576 464.99292 500.15854 497.258 519.37537 545.3209 525.01654 529.23926 537.5057 535.8087 555.2449 565.8096 545.9499 530.3881 544.73895 565.2836 559.86725 568.75104 609.3765 612.5808 626.69635 637.1447 625.3043 629.17975 619.799 627.4862 648.49835 663.426 650.25745 625.9016 607.0332 600.5673 617.22955 630.83496 647.5172 643.253 630.75073 600.28894 585.35284 580.8739 582.4396 562.27844 537.5687 503.42645
411.674 395.73676 399.29648 393.45682 396.645 389.046 352.46997 349.35162 353.59595 376.51898 395.31204 404.87445 401.76465 406.1571 407.07022 394.10272 415.0921 425.87085 450.36154 482.8055 486.1952 506.36017 531.3854 515.7904 505.64987 505.35376 519.6564 536.4363 554.69275 562.00165 549.1042 546.30566 555.9692 564.5897 578.79315 601.3148 609.34406 641.2342 649.1542 633.3871 620.49243 623.7459 631.3305 647.67206 666.4342 659.341 635.6117 619.43195 617.0955 643.21173 637.29553 639.95966 640.37384 619.07837 597.1878 602.32477 594.6536 585.89825 571.34955 535.13153 516.65796
400.57587 409.8445 398.3789 398.99988 385.52628 379.72006 351.6934 350.27298 342.07217 365.92422 396.58978 403.1325 426.89563 436.91162 405.95544 401.7337 424.04453 439.3647 451.63446 472.19968 480.8812 491.03745 497.12018 499.4441 508.39813 499.46194 517.532 517.44965 534.6244 545.82135 556.4066 554.0664 549.7882 554.50574 585.9716 585.278 613.3768 628.57996 638.2166 633.9032 618.5709 620.8876 640.90137 658.0757 663.8094 644.06433 624.45544 622.9059 616.47754 618.90686 623.8339 614.3506 607.6995 604.42957 586.0173 585.3298 573.5336 593.231 578.6378 548.6923 542.0148
394.19235 401.3555 394.41132 384.30054 365.16928 370.14642 364.5429 355.37567 340.63074 364.99255 383.1801 388.0069 410.43164 436.19705 431.9535 414.91455 435.79974 454.90814 467.31845 460.61783 486.70602 475.21503 472.35794 492.31183 495.61963 502.13245 495.53937 506.327 521.491 540.8494 537.63116 543.46545 545.13855 542.88477 559.94763 577.563 599.9267 630.16095 633.3651 625.9238 623.6971 621.20966 633.7504 643.3392 646.76843 646.61414 619.92065 599.03845 598.8882 586.80475 596.5132 598.52466 606.181 613.6675 587.6165 583.5268 570.3006 582.53796 593.07733 572.50494 551.6008
400.49567 396.5515 372.70428 387.03546 379.52856 358.02063 373.76236 360.27252 362.35013 359.50153 377.12936 380.9878 412.6184 447.08432 420.78098 433.57928 449.29913 470.6361 478.2537 473.60794 486.85635 477.86404 467.9428 489.639 473.61288 486.5495 498.38266 507.2635 525.0479 528.18896 519.47144 520.8845 520.0919 524.4126 537.0523 564.28204 586.2521 608.1979 617.21564 623.0244 635.2312 631.73865 623.4938 630.90955 621.37354 624.6995 608.8487 591.30005 601.5472 577.77625 588.31665 590.6129 592.8388 601.6166 581.7406 576.9777 566.0235 581.5126 582.98016 581.65686 553.11835
418.22974 406.64343 400.5104 405.36722 386.82037 375.03522 366.65686 358.4345 367.53735 370.39337 383.72656 392.68747 421.19293 436.6979 432.31375 458.27188 477.78363 494.83386 491.85703 477.74548 472.4486 488.9265 484.63235 495.99182 482.2177 494.2091 514.9074 513.5221 519.2809 540.4313 519.6166 518.55273 520.194 536.5796 545.13367 556.55566 578.93085 600.79034 634.31604 631.3049 641.3535 609.27747 603.5208 613.6817 614.30994 603.1835 599.23706 598.63666 585.0897 604.84406 594.10175 591.0577 600.132 598.19775 579.2156 567.24945 553.8404 573.6151 563.0697 567.27563 567.5991
404.01718 403.2509 406.8166 419.90826 407.6723 378.89175 359.47083 347.57977 352.58383 372.71896 398.89038 415.13297 416.18726 415.37982 440.35284 469.55426 488.22073 493.85025 494.00928 496.61417 460.69128 467.52957 486.5496 495.30704 486.81995 499.189 513.2881 521.5996 512.25836 529.05145 518.8798 525.54846 523.36456 528.1776 544.35455 571.1426 600.05273 619.6349 631.6709 641.09467 634.51953 605.1352 587.3012 593.2394 589.44745 592.1013 599.7853 606.2822 608.44684 603.9614 592.3727 571.22314 582.88446 593.9391 587.1735 554.26843 548.0458 548.7884 555.4087 574.69965 565.1408
403.79248 411.0802 406.04462 422.9475 424.30005 395.48077 383.97595 355.55884 374.0493 397.9883 418.06207 423.50742 419.37152 420.18402 448.7387 472.56296 495.21225 484.65802 503.05106 498.4355 460.79996 457.7364 481.45618 510.18213 495.006 495.56802 518.05914 524.5819 520.9696 531.9646 544.9106 526.0939 520.30493 520.7272 544.8798 569.8921 593.8621 616.4085 621.50964 629.75134 606.5252 578.5404 571.1781 580.1429 602.126 613.90405 600.0072 603.94946 606.71295 591.5418 587.1377 548.85254 560.68365 573.162 550.87366 531.9928 538.4293 534.3766 537.91815 549.1814 555.6534
396.5506 401.70255 412.37787 426.44568 427.02756 422.2454 401.29224 382.86536 410.49243 422.06064 413.1561 413.76587 423.30743 453.8476 469.50726 464.9061 466.39935 481.44608 486.9316 471.71194 468.59872 450.5712 455.89026 479.99716 499.88123 492.55362 501.90308 522.00574 526.5274 531.2118 546.15625 532.7981 519.01935 515.2979 538.37555 548.16394 575.1231 602.268 594.24396 595.64056 558.7933 572.8804 562.62134 583.4503 590.46436 601.2237 599.03357 602.7663 594.5862 590.7036 578.9974 551.35345 537.04236 530.6763 524.1355 531.9889 539.0498 515.61017 518.9706 535.06604 543.91754
377.71124 386.94635 412.8761 427.3483 431.8694 425.30328 415.94495 414.5079 437.96487 440.14764 427.23135 437.4791 454.68466 457.24237 466.11404 467.09323 463.31326 483.76367 471.9365 472.70374 461.68738 455.9134 459.84897 483.86395 499.7286 507.89075 510.4474 519.0635 504.07108 526.37225 527.32684 517.39734 512.9604 501.23215 508.41473 522.4646 561.2683 578.05774 571.5189 546.0701 526.77905 562.1686 576.80963 585.7976 597.86365 607.7771 600.8144 589.73456 580.68976 590.6793 583.9869 566.8886 554.1941 520.9485 506.53586 523.4794 519.0546 501.42987 515.9946 542.11084 532.29364
362.92017 373.78662 381.9114 405.39465 410.16248 422.73508 425.58676 436.8427 457.78125 461.65097 448.37402 472.28714 483.30667 482.5787 478.3534 488.48523 480.10593 468.02997 471.39578 475.51675 469.9244 460.5093 452.96948 493.88428 512.3221 519.0714 524.4205 528.20734 521.2156 504.95108 506.41144 492.8325 505.1098 501.6395 504.95886 515.1324 530.38574 531.5879 534.62695 528.5883 515.09174 532.79584 565.6534 591.756 602.49274 614.96344 621.7602 582.29376 579.6823 582.8895 576.0481 558.2865 538.17505 518.42163 497.58926 527.33295 529.1434 512.6435 534.3261 537.8346 537.0601
366.87555 349.9453 365.09576 387.1284 388.09195 418.1942 435.75363 446.70554 456.24957 475.938 474.56256 476.91464 496.06592 510.43997 502.465 497.61618 476.13647 463.69168 466.52563 480.14877 481.81833 469.4098 451.1021 477.5329 499.1383 526.6054 539.97546 548.7358 538.6976 510.66058 507.02145 484.887 493.97147 517.6258 524.9756 525.38995 512.1022 514.1686 538.1685 543.8033 521.6929 525.03235 539.05994 569.2326 594.8931 600.6787 608.3637 602.0818 601.06384 598.345 578.01294 574.95667 560.59143 540.1925 503.59232 536.03436 535.41254 528.6124 532.30646 550.58185 550.079
350.7644 320.61823 347.14624 352.8173 358.56708 384.83258 418.10675 446.76038 459.9441 484.33942 489.9349 493.32452 517.0099 532.3204 531.2513 518.6757 503.43576 478.35947 487.34964 494.1667 488.65982 492.37003 488.2457 476.45468 491.11865 525.80817 539.7629 540.8652 513.08356 516.3603 517.8936 496.32593 512.39844 543.8357 549.10126 530.9641 508.2343 520.7664 551.734 554.8237 526.9634 539.9669 552.6743 567.5585 591.071 607.5906 601.95776 606.7948 603.97546 588.7196 590.48706 594.6029 576.6118 553.69836 541.5307 529.65625 547.61914 551.98773 539.0736 548.44946 550.6724
335.50766 328.85254 346.93652 348.28705 359.47668 378.39066 420.7845 470.22897 484.99695 489.55768 496.4218 500.34518 527.70685 528.25006 524.8891 539.07306 527.7727 495.41537 496.9846 513.6889 506.90503 525.88696 536.3172 505.9779 485.4878 515.47327 530.07855 526.1461 541.55817 529.6475 523.5504 515.136 543.51685 553.7045 534.47144 504.98062 510.28012 541.9695 567.54236 554.2168 535.51776 536.0675 554.58875 562.3871 591.9466 615.25 614.22864 614.41376 604.76996 575.4006 573.3647 582.8516 587.0207 567.16364 564.39734 545.61615 568.26666 566.13654 547.01385 539.9031 532.693
366.8627 361.5679 356.2622 351.87643 367.23004 397.21262 434.793 467.79056 484.66 487.53464 517.5972 519.4383 552.48376 544.1618 533.4374 545.0663 525.1735 508.2164 505.23355 518.12286 525.9166 542.7405 543.8201 507.37296 495.12836 512.9584 520.34814 530.4023 543.8811 558.4149 563.1279 545.41187 554.3736 547.46185 517.844 518.2115 511.59717 529.56537 557.0662 548.3207 527.0604 537.55164 560.2347 566.74457 584.6827 618.95667 598.4933 592.81604 603.1627 588.65 569.6801 576.78455 584.41504 583.5485 580.62604 577.9045 589.484 561.619 551.00916 547.5619 550.2949
387.99307 399.6151 392.78107 361.708 377.8094 420.89386 441.2263 464.1991 483.1663 512.57086 531.37494 548.69293 556.7161 549.0506 548.741 558.0479 549.5587 518.43115 528.452 524.7119 532.36066 545.28455 549.57196 515.10547 503.27896 509.95557 540.60675 565.83344 571.4948 568.3882 579.27216 566.59595 547.5561 545.92377 534.2133 524.3609 506.3253 519.29156 543.01587 553.4968 551.01624 569.5501 554.92 574.3972 605.5412 620.0749 623.5285 624.0664 621.52576 570.07135 561.7363 563.78827 565.0132 579.50055 585.75 585.88336 576.8747 562.1629 544.33136 541.00464 544.1185
406.5122 412.3064 404.8628 385.21323 388.32153 427.18015 435.72406 461.63718 482.915 501.7404 506.2593 527.7544 554.4224 555.9083 558.39655 571.2071 563.4799 537.68146 534.6633 535.13586 531.33606 528.0352 530.8394 519.5383 501.0818 512.6874 549.64496 568.7384 591.6057 605.9279 590.35864 569.31226 552.1306 552.8751 539.8668 530.4514 522.2442 529.2941 541.3871 561.2473 581.8677 595.3686 591.57904 598.4932 616.4659 621.1284 635.97394 623.5403 603.6877 594.79785 566.20703 556.9769 553.77826 557.53357 563.4147 564.75085 570.0919 548.44055 531.08484 546.5413 554.5198
406.6449 410.71527 425.95752 416.50497 403.60864 419.48682 437.32053 457.26758 488.58914 505.50534 512.764 520.6843 554.4773 562.5229 559.5114 554.7469 552.5646 540.9183 523.5878 538.75104 526.668 503.9119 504.81473 505.55954 498.88705 513.6584 540.6134 560.2026 581.8504 594.6377 582.3361 565.6719 554.79016 556.3584 533.765 539.7545 528.7358 530.0296 541.2268 564.1656 583.3187 599.098 595.42847 602.36414 596.61847 592.587 609.7888 625.44855 614.8802 600.1078 575.15137 542.7692 539.04535 534.02026 544.88104 571.4551 570.0251 550.89624 544.9096 559.4572 554.8917
431.49005 439.1546 452.58237 442.42102 419.0374 429.5201 445.78595 481.24936 507.08502 510.7018 514.45984 525.9887 547.92834 546.6586 553.6645 541.5362 542.8166 542.14026 531.03705 517.9779 509.39175 506.8956 497.9571 493.37024 507.11398 511.17102 533.36224 549.4244 562.21326 582.5637 573.3749 570.94543 567.0102 570.25134 553.5499 542.1143 555.20685 537.38416 535.92633 563.2339 568.4483 576.4458 581.4404 601.6133 604.1585 586.3886 599.2072 616.71466 605.02936 595.3692 580.58044 548.1251 541.23846 529.7135 542.6589 563.1026 563.234 557.3217 560.0292 557.044 560.43475
