Data/artificial_surfaces/fd4000072.asc
ncols 106
nrows 106
xllcorner -3.0
yllcorner -3.0
cellsize 1.0
nodata_value -32766.0
[rows 0 to 26 of 106, columns 0 to 60 of 106]
514.67456 528.85034 537.2689 546.4409 560.43134 573.80255 580.62994 583.3375 597.2362 585.3156 580.5871 609.0614 611.562 635.4185 642.72546 669.53906 676.30383 690.9052 720.156 735.29346 750.22614 762.5958 773.193 765.5544 746.9855 735.29395 712.55743 678.094 651.92584 624.2709 605.8178 602.33563 593.84375 563.52185 565.9793 601.0846 597.8793 568.8141 555.8761 581.3495 583.1051 601.94116 612.4652 592.4953 604.2835 597.2848 606.9744 634.53766 644.91235 636.8672 635.7481 618.82275 623.83234 631.0231 633.80457 612.27527 608.6992 620.3159 629.902 623.4757 624.91833
499.7295 518.4814 523.24567 538.59283 532.296 535.727 542.0892 545.37994 565.37933 581.7372 592.9131 577.87646 587.443 614.024 627.07587 633.4685 648.51953 702.5022 719.30664 717.97186 714.01935 739.0594 752.9252 740.19867 722.95886 718.5016 687.23035 682.4616 641.1624 609.3355 608.9281 599.44604 590.5979 576.66187 582.62866 598.1278 585.0309 561.0655 532.3508 547.8907 557.61426 571.5375 587.3165 580.803 586.262 592.16187 606.1251 617.4572 636.23846 638.90497 645.5578 627.8814 629.5202 637.9834 635.8769 601.27954 603.1702 598.7821 593.19824 600.05444 611.8502
478.90698 499.23175 508.60678 527.6782 516.07764 517.5264 526.8446 536.24915 531.158 568.823 586.2252 573.55023 575.3867 596.39874 601.9491 609.72156 635.79614 665.4503 704.2222 709.87964 720.9196 724.86615 714.07074 708.7325 708.8208 684.5541 677.9012 674.7899 648.9372 620.31824 618.0532 615.67755 592.8776 594.80975 599.6377 590.3654 586.7389 567.226 542.7462 550.2444 541.6826 533.62866 554.9093 552.7153 572.7271 588.57587 608.69525 627.4539 642.39734 641.0976 647.95404 641.9347 644.0173 641.42694 632.6328 599.54675 583.32764 585.8106 595.9826 599.2958 601.34216
457.98917 469.13974 498.30853 528.86475 511.01422 495.60776 511.15158 506.35217 512.1202 554.79944 573.75684 569.38855 573.8798 572.4085 593.4725 597.8441 613.39246 650.5602 660.9486 682.9602 716.82574 709.1322 688.8257 661.70953 664.5311 663.352 666.02356 662.6996 627.23517 607.8536 593.3694 603.52637 605.59125 593.398 606.3119 600.89294 593.6845 569.4299 555.0139 537.68085 530.34814 519.4546 544.2432 560.9628 571.03687 575.03375 593.1416 617.67413 628.5442 638.2916 647.95667 653.59656 654.12885 640.8086 631.21625 595.399 587.12805 589.52234 616.45544 634.75653 627.54474
444.54465 466.1755 482.49493 489.06857 490.70886 472.25604 482.03638 477.06577 490.38068 518.772 567.5807 552.847 552.6474 551.90106 577.7972 595.02985 608.78723 639.2661 644.2207 662.35175 689.43066 688.12646 670.63477 637.98926 646.82025 649.1682 648.74884 650.4122 638.12427 624.00354 601.894 572.10535 585.4726 597.5467 615.99207 611.26184 601.18945 579.2397 547.5358 517.17 512.5121 509.092 528.87396 563.5271 567.55115 557.3927 564.7387 604.1955 629.0505 622.7079 632.1043 634.6804 652.05066 634.9314 637.6598 620.2136 608.00775 610.90735 637.17004 633.6133 623.1589
447.2643 455.769 467.90405 477.1912 466.41092 475.1035 486.77335 485.0826 486.23203 501.69543 521.3415 531.0228 529.9582 532.8157 555.7372 577.3746 591.1307 596.6392 612.3181 625.7405 656.61523 672.06946 672.6328 630.7517 629.15466 626.9259 629.63214 641.29395 635.8463 625.4367 591.1179 567.6917 578.97217 594.53345 617.4134 601.0827 594.44934 577.2532 559.49493 546.87286 533.40845 522.9792 533.96765 561.10614 558.96277 558.3577 562.31213 592.3148 611.9568 624.99915 631.5901 620.28845 633.73596 633.39105 617.09436 615.99963 612.1869 624.0802 639.98193 637.66034 602.7029
438.31326 442.18774 457.36227 458.9809 458.87823 465.6247 478.86356 477.68695 496.17493 512.3792 499.14584 508.69785 517.5194 528.941 545.8981 560.00037 580.1679 579.70636 584.42474 596.1017 616.8124 633.8688 651.5321 629.51556 600.3858 601.1233 597.3654 617.37897 619.2472 605.2661 592.02716 578.76495 562.85474 588.09424 590.97833 568.7572 577.20966 571.7977 563.51294 559.6574 551.0166 541.2669 554.3534 571.14343 552.95 575.58386 568.7642 589.0641 607.6553 610.364 618.965 622.2897 614.7595 626.1968 621.01196 621.09955 619.11646 632.6623 636.2229 622.4995 592.95294
437.82187 448.28333 448.47882 460.0349 452.01425 450.18985 471.53506 477.719 482.8841 501.3382 492.96872 497.95905 518.1601 517.9836 523.46173 535.4982 536.6012 546.5916 561.0556 577.7918 581.9187 606.6933 634.39734 621.52905 591.9353 593.3017 575.7451 592.8866 602.4285 591.8822 584.8508 569.0143 550.59314 573.2878 584.58026 555.43604 556.724 570.1798 569.4508 542.86835 544.26105 569.075 579.06323 563.3124 564.4341 581.1931 578.5114 587.9387 590.2545 590.74066 619.4691 641.0873 635.6545 637.3248 642.9131 622.05664 623.58435 617.6261 615.06696 598.1439 585.53485
432.45587 447.20087 466.01157 467.98523 463.58905 459.7547 453.55164 476.87433 466.22598 465.13208 482.0156 484.69592 505.2898 519.642 516.7555 517.6118 532.1269 534.7323 543.35583 536.1503 564.2482 595.84216 611.6012 612.947 589.1288 592.2201 564.5246 557.48193 588.9764 579.63055 583.6699 587.27637 578.2896 565.2081 562.3324 551.22266 561.58325 556.79755 556.50525 550.8973 558.0565 578.3512 587.5221 578.17096 580.4565 580.7818 574.149 595.4869 597.40204 595.8477 614.3795 616.8047 636.3279 663.3988 651.2742 627.0025 610.96216 616.0495 608.94635 601.97705 582.03503
431.1682 438.08887 448.66806 456.05994 460.55472 452.16437 439.2512 473.64075 455.6727 454.39102 496.5976 513.44257 511.96805 515.04193 513.4549 505.3711 503.16272 514.27435 527.0057 519.35126 532.429 573.7675 593.2721 586.81683 582.61096 573.4825 564.3323 569.6578 582.21625 556.4437 564.7917 583.11414 594.17 578.97345 550.8752 542.7285 553.2018 557.8476 547.6083 569.3552 576.34375 597.748 573.7755 580.1836 590.88586 578.8795 586.39087 597.6342 597.9107 595.7452 603.3203 601.44604 623.3231 651.79175 638.3395 628.15576 630.97687 607.4433 604.60693 613.48376 587.64246
422.27554 441.54898 447.17996 443.1172 443.98508 430.92224 435.94916 449.441 448.29916 461.95245 487.14444 486.6739 495.13574 497.43018 494.00888 488.89493 498.22375 494.93796 495.89456 501.05307 505.0453 547.9918 559.38904 566.1225 565.4017 561.1464 564.1935 575.61255 561.8529 550.2085 544.8447 580.76306 594.17395 577.6752 561.5712 555.0905 536.68085 545.19556 552.6681 575.4286 594.651 610.2505 591.8753 585.3971 609.2486 597.15857 606.2517 602.711 592.569 601.46515 605.74005 627.6157 634.79224 635.6887 636.4381 629.9988 633.56177 618.7599 608.5915 587.14307 575.85406
421.74115 447.92712 446.1407 454.08936 441.51868 426.96054 437.60867 442.34323 449.49225 465.1242 477.32812 470.23035 469.35834 469.4428 476.8275 467.18082 493.06985 496.63474 494.0093 478.13156 491.4571 528.2794 556.7204 552.3261 539.28265 551.47754 552.33246 545.2806 571.85754 576.4362 552.3504 574.03076 580.5245 563.69507 542.1196 554.8699 556.0276 554.11255 555.39594 573.6668 598.26196 627.34344 621.5165 611.4978 610.81976 595.1284 597.1753 585.69366 581.1693 598.3748 609.4401 623.88226 639.80304 639.282 626.7069 635.95154 626.70544 612.0748 612.3143 583.7279 575.0747
438.16565 437.31168 442.70645 459.4687 442.28348 438.29575 431.34213 441.849 454.30478 466.36395 467.90543 463.1971 455.29572 450.78827 459.11 465.14786 476.64822 503.48538 487.19955 478.3023 504.91556 506.982 536.5788 532.81714 541.8122 556.2994 546.5206 543.42944 553.5217 579.0057 582.4928 576.6955 575.7124 570.77124 553.7795 564.8102 574.14014 561.1707 563.93616 590.5126 590.0013 614.8412 605.8471 600.49164 583.8088 584.1941 606.7022 596.19464 590.39294 597.29565 604.33386 619.0007 623.0018 633.1311 621.8283 607.5978 615.3871 608.1789 606.21606 574.22595 569.056
452.13422 439.3332 446.4361 450.27753 445.8313 441.4115 445.6739 448.95364 449.93112 444.08386 445.9173 457.0929 455.47885 446.13416 453.39163 472.3552 478.81815 501.01367 485.77988 492.2712 505.00308 499.0628 501.017 508.7746 530.5548 539.8618 541.4517 552.2064 561.3915 563.4367 566.27356 573.8418 572.6365 562.4632 559.6719 559.69684 568.60443 566.14716 568.76843 596.2625 598.083 600.6 578.94824 566.1602 544.6199 585.9975 617.2343 612.01056 607.172 609.02747 607.0973 612.7865 597.879 596.7416 602.0876 602.1135 606.5031 603.9617 591.6486 575.1539 568.29126
471.91394 447.4016 452.5779 446.0077 440.733 426.6621 432.40106 438.3408 442.02924 437.77722 445.21515 467.54013 479.02994 460.1019 472.71533 495.59973 484.5531 487.1643 495.02936 499.25854 514.3984 499.8729 508.33563 511.32568 512.33527 523.19696 537.8884 568.8303 584.50696 570.213 561.0144 561.9929 568.12946 567.492 562.38367 555.82043 543.7859 544.3732 551.18134 560.6003 566.38696 558.8557 553.2117 571.20715 562.5334 567.6378 578.2234 585.2932 604.03925 622.74194 615.4672 626.7216 608.6471 584.61896 602.2082 607.38257 627.52686 618.1052 596.3971 581.3059 580.2033
470.2625 458.37256 456.008 451.41364 455.2151 434.34448 414.736 440.07315 441.36676 432.878 448.79688 454.03058 471.66733 475.74258 493.30707 500.6367 488.57773 481.76785 492.61392 497.15915 493.8953 493.66653 493.19525 498.60452 509.47592 519.64935 535.2239 564.4018 574.09045 568.6151 564.9166 570.9611 574.8649 563.072 547.7691 531.4958 518.2373 515.54504 532.6651 539.5941 534.57324 546.03015 559.4271 582.13873 562.1225 558.9614 575.6653 570.9376 600.6999 615.14233 617.4776 606.10474 592.0683 599.2895 615.84204 624.96564 634.9251 620.9162 598.0831 593.8648 599.90546
472.6057 475.12326 468.18005 460.67944 442.65466 428.31216 427.09515 428.8001 437.6533 437.8693 447.22406 447.85562 471.5843 484.71143 492.69324 507.1729 502.36237 492.50235 504.5527 516.8013 486.9077 493.91953 500.38638 495.96774 516.8565 511.34906 530.30615 547.21747 568.40265 574.3957 547.07153 554.6176 566.56244 554.7473 549.119 533.30316 517.9651 525.47906 535.88104 527.72266 534.261 554.17914 561.6687 568.34235 565.1778 575.1349 580.18915 584.7624 595.28375 603.7407 596.1209 582.9192 583.0979 593.5189 597.08685 594.65924 595.0953 588.9717 578.9935 579.7731 583.1103
491.3406 470.22095 467.8258 456.794 421.12903 423.14 438.92593 428.71307 441.6429 441.3533 434.4415 443.3548 472.14972 493.38367 505.24646 528.34143 509.2613 504.76215 520.3478 524.85834 506.24356 513.9092 515.09503 495.34018 497.92734 483.4862 511.49106 541.4535 558.5442 570.27814 562.5462 559.73785 551.2429 555.93677 567.14795 550.7917 526.30554 538.32806 538.4543 546.7416 543.729 546.3859 553.3265 553.0586 579.4767 591.52844 580.8077 579.61816 577.8129 596.48065 594.124 577.5014 574.57996 582.4066 576.283 567.4508 569.66034 566.44763 557.1519 553.5204 559.4138
466.79565 465.01965 451.93805 468.5914 455.91034 436.37628 429.28696 429.2605 440.68594 440.38925 425.4254 430.81827 462.60092 482.30048 519.54535 537.4005 531.65515 529.4716 543.0869 537.4833 533.92847 531.96075 512.98956 472.34036 483.7684 494.71674 500.38705 527.4921 532.9759 539.62756 538.83386 536.958 535.3624 537.5915 536.3446 536.81036 515.59393 520.7135 520.822 547.2108 548.70135 529.9104 551.2096 552.91095 585.5021 600.1923 601.22687 583.5081 575.12195 568.0141 567.9103 574.1787 578.6345 593.587 598.41846 585.6927 580.8678 560.687 554.8076 552.057 558.87256
447.30725 451.20953 431.72424 448.13766 459.63788 440.0828 431.54086 440.24692 453.62228 472.52347 468.3072 447.34546 468.15256 498.85223 522.5585 542.026 542.0225 551.32263 555.5299 543.31366 550.71783 552.11176 523.664 481.8693 493.17386 507.96786 490.8244 508.48392 513.20935 519.8525 519.2103 520.6228 518.6851 512.0812 505.95627 507.26685 500.7954 515.8929 520.5846 539.5237 550.4475 545.1103 553.5098 552.7106 575.5405 589.59937 592.784 581.79987 567.1495 549.07 571.5664 581.234 575.4313 594.4581 602.12646 587.1767 570.6256 547.62476 547.47406 551.501 549.2768
450.84064 457.0991 447.18765 435.08246 448.10272 451.78845 455.38156 454.79202 464.6927 469.92657 478.3724 475.6841 486.80502 498.99344 501.697 524.2031 546.98755 554.2931 568.30756 584.4759 563.1659 561.8155 540.35 507.98117 499.47937 514.5835 503.17883 498.1665 486.65732 500.19507 491.6749 491.7979 467.09967 472.472 489.86258 514.3299 525.9373 510.1504 513.1324 535.41736 540.4341 539.25574 547.2521 555.22687 557.3461 569.3864 572.391 573.644 569.64575 558.12427 576.5655 579.87427 587.9481 589.7331 584.0608 585.6809 582.9829 557.57983 546.8876 550.2522 537.83655
443.23993 462.69528 453.99915 433.204 444.4547 458.03098 463.8757 456.95035 460.13898 458.78564 484.27667 487.42642 506.0761 517.1523 517.8059 535.3177 549.8372 556.3523 574.2549 587.9016 580.7116 555.9185 533.90094 532.2963 526.7307 515.7795 490.48123 495.32275 481.8075 480.43536 481.58173 475.29712 481.6814 475.83224 466.7269 496.1891 518.12244 501.942 514.06067 524.0236 535.78595 531.79443 541.4855 550.6913 556.9961 541.76483 543.43774 561.5508 568.6222 588.22675 577.16644 577.82855 570.5176 573.02716 561.3424 575.64 559.9833 554.5792 555.5923 552.61017 549.7951
439.44122 450.42105 433.14395 450.4892 447.69217 473.23074 457.95248 450.6633 452.41986 457.50714 472.82767 480.60715 513.9857 540.00867 535.6074 533.0842 531.6153 553.55475 579.3509 588.5371 571.16016 542.17267 548.3378 548.2857 553.7567 534.06476 513.5202 500.69672 472.69547 468.44788 487.6832 476.55283 481.86395 473.27402 473.9691 479.01794 492.9149 499.14426 498.5796 501.3034 522.6565 542.4493 545.534 536.9155 535.6035 536.7974 532.19543 553.3627 551.36597 565.09406 571.8083 548.9418 523.02216 536.7027 537.32806 561.8313 545.50116 538.9674 526.523 529.0197 530.87177
446.43723 418.50867 415.44733 448.9407 464.28348 466.98148 462.40286 464.28644 477.03336 481.42838 486.2833 494.58908 513.53705 541.1494 539.8043 544.6387 539.3743 557.00525 572.67944 576.4047 548.9539 538.7477 515.9445 540.3877 558.9856 546.15076 532.2519 511.06573 478.7474 478.7494 478.65527 475.90067 476.29343 472.9563 469.45502 482.11172 483.113 479.08942 480.91687 494.63412 511.7105 542.2081 549.01184 529.0467 540.8591 538.31134 543.8573 527.94965 528.54425 545.51416 542.0174 513.1344 514.7824 529.5947 532.4299 555.2527 554.37445 546.8722 529.08386 519.5638 502.86874
423.4513 405.3225 405.08963 453.63092 462.6576 455.42014 483.93637 473.06528 484.2986 496.37848 522.1643 492.76642 520.62354 552.98096 558.54724 554.96063 536.9565 548.3514 546.9526 538.8435 521.41345 536.58746 529.5684 544.4737 565.4143 557.1049 518.20966 504.7451 478.59113 466.5207 465.45053 490.52832 500.5358 470.07086 458.75912 451.88998 460.5194 472.88065 483.5287 473.61316 509.17545 523.73285 534.4986 522.17395 526.32916 519.6988 524.1559 512.0687 527.982 531.8788 532.7479 527.74207 530.246 532.58386 528.24603 537.54694 566.6908 558.2235 525.9204 520.95776 506.65393
418.6746 409.03342 422.15216 435.15134 438.9075 453.51846 468.42258 472.0335 483.47015 504.35306 525.2655 505.9536 529.4997 536.1646 547.76825 551.2579 541.54114 546.16394 538.826 516.0295 530.9811 540.23004 579.6037 569.8273 571.4077 547.6225 510.95575 497.89105 472.6831 461.32578 468.75418 495.43942 492.8473 477.70007 471.84857 466.4164 457.0421 459.1394 468.53323 466.90558 480.28293 505.4711 508.12787 505.4836 513.8747 506.1627 511.86823 510.25818 519.52185 531.9048 545.92865 546.7483 543.08984 536.0631 529.69366 524.1036 541.93665 540.3309 527.62256 520.2287 510.75278
421.8694 409.96902 423.00046 429.41656 434.55737 454.3361 480.0838 469.92865 472.33148 482.94003 514.48303 522.18604 509.5413 514.0614 529.4699 536.20325 544.27325 543.03644 532.54144 520.5502 527.43317 563.9963 592.6519 568.43024 561.33856 537.7339 512.5988 479.00443 468.29602 475.3484 474.41327 472.24283 477.9293 482.50104 472.05127 453.29807 448.33685 457.89755 456.58005 451.36627 465.23886 468.07007 464.4388 481.84314 512.4091 524.00995 525.62933 530.96387 513.3141 511.07047 537.99646 562.4058 546.9305 544.1183 536.72516 530.9047 540.04834 536.5874 544.9453 515.8266 502.10147
