Data/artificial_surfaces/fd4000072.asc
ncols 106
nrows 106
xllcorner -3.0
yllcorner -3.0
cellsize 1.0
nodata_value -32766.0
[rows 27 to 53 of 106, columns 0 to 60 of 106]
386.24817 383.91278 397.77856 419.2926 430.84375 443.95547 471.0142 468.8431 476.97086 468.99246 488.9636 517.1194 515.5126 513.448 542.12256 551.751 541.4334 528.22424 523.5476 538.81195 563.8681 585.7704 584.98914 577.3542 566.30664 555.47186 521.4074 497.99298 475.01343 470.8593 473.9242 474.99344 478.16708 476.33502 455.1181 436.62878 464.03046 472.15152 445.5583 439.20047 436.19485 421.03674 441.1126 459.99402 499.71896 520.96454 517.9614 531.1796 510.3933 510.57053 543.4149 549.4809 557.1812 557.9996 548.2581 546.76306 539.37244 545.5611 531.72504 506.37384 510.06726
382.7963 379.41074 383.2348 416.72174 435.83084 444.6635 462.6096 487.8143 501.57693 501.90765 504.9461 509.09714 515.79736 534.88434 562.4524 553.96313 543.42346 529.449 532.36865 548.4851 565.61066 555.46655 569.4565 575.628 567.83057 562.05566 542.7896 522.21014 504.4407 490.54315 491.8472 496.721 477.01358 459.1818 465.57367 451.5669 468.9773 459.5228 447.34708 441.64685 409.07294 397.6774 427.17413 443.97055 470.69867 496.7485 503.81595 515.91455 513.07306 506.3412 530.51416 549.22845 556.8477 541.17755 541.48505 544.82947 539.0745 533.6922 521.02795 505.06384 500.2842
380.83246 377.7588 394.10037 409.45013 440.16727 449.13974 472.76175 493.7405 509.2812 518.6975 514.9949 497.09842 508.95792 528.4913 528.3827 511.09506 508.45355 535.368 552.18335 540.4637 556.9806 552.56335 561.898 578.8033 574.95544 561.16614 540.5615 524.1221 506.61258 505.55447 504.7591 483.81918 479.75085 466.53714 464.57562 449.98334 459.4139 463.37292 454.08545 432.80017 407.68948 404.6218 424.3011 442.90192 456.76492 463.91113 473.02512 506.89523 522.75464 518.4316 519.39026 529.34906 544.83044 536.54895 555.2788 538.5769 544.6421 549.222 537.5981 541.4472 535.7788
397.11725 382.3456 399.34622 419.5052 443.41544 454.39325 486.26154 506.86896 518.31866 520.77966 514.9231 500.2934 493.87964 518.57263 537.1133 530.8696 520.1848 542.8667 552.98474 550.5532 564.2197 559.52295 569.882 566.1574 572.89624 568.38007 545.5795 537.36597 523.81604 517.4061 509.7883 486.05527 484.6771 454.91885 465.05676 476.97864 480.30838 480.97598 447.20587 451.15427 427.6292 428.8622 434.3389 459.14777 457.04675 456.22546 479.734 508.48157 519.43243 514.98895 522.67664 538.2746 529.61505 526.6931 546.907 557.7833 567.4208 576.51294 574.32324 558.83496 538.13354
404.49646 397.6035 404.1928 424.87888 449.13184 469.57806 502.75867 518.50055 504.92953 512.6709 514.67737 498.51544 505.6941 510.81476 535.86597 552.92816 552.1709 553.03754 553.4462 550.08765 570.66187 568.07837 561.9877 552.08374 551.17725 553.26904 546.19556 540.18744 530.7416 521.4845 510.17233 499.06903 487.5736 481.7002 472.30402 480.14172 501.1362 483.27396 458.85712 454.43103 442.7985 440.7265 439.74255 466.13608 454.42844 445.35345 458.03888 490.3009 493.29056 492.7981 506.4407 530.2926 543.97064 541.5582 540.825 547.0383 558.37933 567.84143 568.9075 565.20105 546.0652
416.01666 402.82947 399.2785 411.4413 443.04523 470.62405 495.43625 520.08875 509.3128 518.5453 522.2555 518.433 516.02374 536.05383 548.91125 545.31354 557.1102 565.0053 564.56995 563.76666 550.8762 555.5706 555.0593 553.29443 570.05084 570.90326 563.9854 563.9276 539.92926 523.0474 528.25574 508.1563 493.69632 482.1444 471.60568 460.80035 485.36075 463.94675 446.32468 456.4601 434.31705 443.50876 435.61392 441.2762 444.31613 449.2843 461.88547 466.12756 464.3828 448.9416 482.5983 523.55194 548.64606 550.04974 552.41235 574.3881 576.4309 558.46155 557.3203 557.81885 561.11554
432.13828 422.21234 416.88858 421.7826 432.19797 454.4472 476.90988 488.41153 508.45724 499.7261 502.54004 515.48785 539.27997 547.08887 542.8414 546.7497 553.59753 548.7581 555.1271 561.61395 563.66394 573.5222 570.3386 556.64496 576.7873 595.3548 572.996 562.9131 553.74365 545.2912 546.16907 517.5976 505.62115 477.72888 469.98138 454.1041 455.06604 460.99106 447.14484 439.55548 435.69803 444.57642 438.59756 428.50122 430.83774 469.06824 472.1046 468.1876 435.0503 436.9793 496.7787 541.2664 570.5038 576.55316 558.90485 580.19006 559.22253 542.38324 535.0036 531.86084 548.8731
454.33417 425.8153 414.49472 410.6377 436.11996 447.5544 480.85843 496.1458 513.7433 497.53778 498.212 518.8059 534.6511 532.99915 525.0487 544.77734 546.26416 546.5825 555.2314 569.5276 578.801 579.0863 562.73926 559.92554 585.37305 594.2862 574.4131 565.3033 566.79767 559.887 536.8129 517.43243 506.47342 494.46762 478.35764 457.22595 469.77075 481.57556 476.68237 452.50522 440.1359 448.8024 441.99774 433.56866 458.54123 473.3317 495.81876 484.89493 467.21606 474.38174 513.99176 551.74915 563.0361 553.8663 565.66644 546.7476 537.45905 539.83704 514.74 538.60406 541.8596
459.9788 455.22656 445.40167 432.63773 460.86237 464.33374 475.811 502.51666 513.4767 486.78903 504.75674 522.6758 513.1823 509.26038 530.27203 536.307 536.3087 533.6564 553.3845 581.0509 590.2781 588.9819 581.0544 572.3425 587.91425 564.8888 560.67413 564.0122 570.9894 550.32227 534.0255 517.3816 510.128 502.40286 483.73294 488.57794 506.817 514.88763 489.0171 472.8573 457.60913 457.23196 470.75986 478.20276 479.08563 496.23492 505.94507 494.4416 486.00546 509.11313 516.89575 554.72107 545.4437 546.1873 557.8063 554.0871 547.7469 531.15894 539.446 540.5451 555.2318
468.23227 468.98404 471.36795 448.30954 453.62662 465.02332 465.21564 500.81924 499.66724 491.79135 515.83136 510.6961 515.53235 507.75223 522.6008 514.9866 517.3377 526.8653 544.8056 593.6887 608.63275 601.9892 589.5084 576.36127 570.7424 556.9263 550.63477 567.66754 561.1948 539.3786 539.0024 527.66406 514.0438 526.975 521.91125 508.66324 519.47504 521.9714 498.17752 484.8706 481.4681 480.4496 500.37332 512.40985 506.68405 505.69302 521.80084 520.4393 518.9281 529.1358 532.55743 545.37836 522.11633 535.0907 558.2564 564.49097 559.03705 552.45544 565.97186 548.2814 560.46
444.31464 475.51532 468.9431 469.9433 458.37436 454.3771 464.7544 486.94788 489.14197 494.57956 516.17474 530.2097 503.88892 502.31042 501.69955 505.32614 517.6305 549.11053 577.0315 596.5565 595.4338 614.4508 607.79236 592.42883 583.0599 572.083 559.2908 560.89905 565.3614 557.893 550.23004 541.40546 527.7932 530.53674 523.65155 509.55936 506.28613 522.6159 508.12277 497.03857 499.85812 511.5441 508.86313 529.7908 530.3998 532.3198 551.5243 537.1467 525.4295 523.6496 547.7434 545.4996 523.345 544.7782 547.6057 555.6018 569.2466 572.08875 583.2881 570.5224 564.266
422.86493 463.53885 461.191 468.19815 467.57767 448.47488 465.21445 467.36713 483.2067 486.16083 504.8579 513.37555 484.4585 510.3395 521.5685 519.9224 531.15967 555.74615 581.1627 589.06915 598.9405 603.3313 601.9837 585.942 559.07837 561.89636 573.33905 553.7627 555.5591 566.4641 566.4233 542.4071 523.78076 536.484 524.3402 515.44617 506.2012 516.8786 510.53445 496.95517 509.9096 533.5634 535.89825 523.4326 537.789 561.04926 555.68866 543.47656 545.2358 538.31964 559.32214 535.8089 523.09924 526.307 554.4483 564.29443 566.92834 585.16846 590.9878 586.22687 567.40686
432.9261 461.9461 462.1909 468.3209 466.49893 461.00253 474.96243 480.34766 470.47815 480.25067 505.2432 490.89008 474.7595 507.9498 529.1405 531.7619 507.2203 543.8517 566.5684 566.39233 588.8124 586.84827 588.70807 556.3614 543.6499 559.02246 564.642 574.637 562.75226 570.2848 560.6736 532.7761 525.6084 530.39325 517.51184 517.7554 523.6695 512.1319 512.3471 516.6157 521.1515 529.6919 532.7502 533.32526 557.6289 561.426 550.45703 537.81683 540.447 550.1493 562.4827 536.32306 555.614 578.1722 593.0444 590.02264 582.2484 597.6204 585.87976 579.1852 551.3001
445.30566 459.42847 467.84592 460.37424 458.27267 462.6084 480.818 469.69058 476.6162 491.026 498.59372 486.5271 468.76572 490.37598 524.2255 537.0979 518.797 541.88525 548.65985 557.8322 561.1749 562.2648 565.19684 565.952 559.9485 544.0162 554.1324 560.4317 549.57294 564.8404 558.84076 530.9341 537.51337 542.6293 534.65283 525.1525 519.4567 506.5423 510.2118 517.8621 536.6879 530.4136 535.99725 529.9768 550.3002 564.99316 546.75256 530.07837 539.9503 556.0198 549.061 542.7013 557.2751 581.15875 590.6244 588.8993 589.8175 594.60846 570.7274 562.86194 565.5709
454.82962 476.54617 474.97922 476.66425 473.75876 481.47278 507.8036 481.7545 496.64212 488.17395 508.88562 501.89215 491.4126 477.30554 493.58383 511.77454 521.45306 540.39246 554.9067 554.71686 558.29395 561.04346 569.6412 571.68787 555.6967 538.2528 543.16486 538.0271 542.6756 541.7556 542.2854 529.2542 534.0971 539.25464 522.4335 531.14484 536.4087 521.008 507.91446 529.26135 539.9064 529.1386 521.23047 520.9935 549.079 567.1986 583.7678 565.756 566.5149 563.26855 553.5008 548.4642 562.7404 576.0258 588.5492 575.6956 570.8203 577.0499 563.8496 536.7491 561.5661
452.562 476.0779 499.19196 499.43442 499.87927 507.5854 534.4457 521.3975 499.54742 509.41727 505.0454 497.98532 505.4707 484.96884 474.64755 482.3253 512.0299 537.0754 540.77905 547.90625 563.582 574.6103 591.03125 601.4588 585.94635 545.1652 541.73724 541.41766 551.3604 536.30646 526.78265 517.0521 518.8928 538.87494 538.6584 545.744 555.04517 542.73315 519.7589 509.7253 523.7364 531.81836 523.5081 538.2698 569.43365 586.4579 593.9414 582.175 572.02527 572.4153 557.5534 562.10223 556.3956 559.8878 561.0758 548.8025 551.0072 555.3051 546.94293 525.1941 537.81805
465.81528 481.69727 487.54834 478.1562 484.1374 496.70547 526.38794 534.79694 507.93542 510.9261 507.19006 486.70837 492.38562 483.64462 458.7734 478.73605 496.253 519.70166 544.2129 563.4008 571.5038 584.9157 583.7363 598.3247 599.5333 563.97925 549.2296 535.9917 546.97845 547.73267 522.29047 504.3997 500.7507 519.9076 546.1678 537.0788 546.7344 544.22406 527.7235 504.8684 519.87354 527.33746 540.4653 572.5581 578.98834 594.38605 581.35144 572.6057 573.7106 564.08936 550.302 573.6867 569.0511 562.1942 557.5956 557.85364 558.6062 569.3232 556.99176 543.74 529.3682
475.53622 482.95312 493.0857 486.5482 472.38165 485.07007 495.59567 502.15146 487.43198 479.13516 474.4664 468.09995 459.98587 445.44455 458.79688 466.30655 474.93893 497.0727 537.09357 570.3581 589.3086 585.4002 575.0925 579.9574 591.6005 569.3153 550.18024 544.00024 551.2981 548.12805 521.3082 497.17526 489.9903 496.40253 531.104 521.7248 530.18805 538.4273 508.94824 503.08572 510.1944 523.94507 544.9605 560.9121 580.01575 582.5158 584.4806 571.1212 590.0838 588.17896 597.73376 585.6944 561.4241 554.97455 564.8171 569.40753 566.60254 570.46094 571.39197 567.9621 552.6943
470.73026 482.04965 495.5879 472.9595 470.64987 459.91455 471.6114 486.15494 471.58322 482.71902 467.92688 450.01697 447.17883 443.06552 438.39923 451.1619 460.87204 480.70862 520.9147 544.34436 574.91516 567.02954 546.9164 559.227 568.22687 564.188 573.2391 561.91486 570.8105 554.0609 531.1242 514.5406 507.32538 513.0827 534.77246 517.3259 530.8377 520.6284 503.65598 519.00195 530.9484 534.0719 541.74713 567.13074 591.8286 588.02167 579.2393 556.3574 580.7926 589.3092 597.25366 575.5824 561.48944 556.4104 561.96515 545.6359 567.8357 565.9947 554.19824 557.18805 557.05347
449.6495 456.573 462.9973 459.0942 455.83182 447.24222 463.4506 473.1897 462.01788 481.9927 481.7049 460.735 427.07257 411.9519 429.12103 440.92957 463.01343 464.5971 485.219 523.327 546.9398 569.6849 563.3442 571.8767 574.12335 570.8338 571.2616 576.3529 586.3783 568.6467 565.40125 548.5311 539.3675 531.2091 537.03827 539.46387 544.36273 539.42957 528.1334 521.05786 522.3526 531.65027 544.9771 576.60034 596.6673 605.1989 582.73584 568.01294 595.6511 577.7456 589.1531 574.5559 561.2919 572.4211 565.2354 549.7706 532.2578 543.1024 540.3524 520.6615 529.99927
434.07382 446.28546 449.0353 454.3822 448.99213 419.15826 435.20508 450.2062 431.5928 442.43723 446.1992 457.0072 426.2719 421.0568 423.91458 457.6918 473.8991 466.68735 498.49194 518.63135 559.3598 568.13574 570.05304 570.4432 582.92236 579.55 573.5094 593.7411 595.88025 593.67285 594.796 572.43634 556.9828 541.01 547.75635 566.3786 567.62604 563.47943 557.1594 542.6857 540.8433 548.9365 563.60406 588.8266 599.8351 592.03284 569.42584 570.2322 594.42883 584.22125 578.1639 587.0793 591.73755 590.2724 577.8505 553.40125 520.314 516.89667 525.5322 514.3236 516.6331
421.4621 425.46817 423.6554 435.668 434.1117 422.58545 437.57147 433.65866 409.11584 417.24445 441.5722 446.19907 443.14453 455.63608 460.71832 467.06723 479.99536 491.3954 499.57846 523.4057 550.105 564.6985 577.1787 575.8379 574.51416 593.67773 595.5098 602.8283 585.60425 573.59485 587.1476 597.4734 596.9795 576.3702 565.2917 568.38446 569.922 570.1496 562.39343 565.96625 565.1781 555.121 570.64014 598.9117 596.09326 587.196 572.35767 572.89465 605.2307 613.2826 598.1527 591.3794 601.15857 590.6432 583.1507 555.1491 528.3929 534.10864 527.11444 511.85455 500.3017
415.10028 420.91306 427.0428 433.5177 432.19196 431.48932 435.17087 418.8908 423.3341 417.47906 430.98907 428.2193 429.13965 448.45972 475.65546 479.89243 491.1238 495.097 514.60156 551.66516 572.75464 583.2257 573.23474 571.7584 579.6275 587.74 606.0222 610.1034 599.2093 589.4068 590.6212 595.20654 609.4805 596.13873 581.4614 580.5654 570.8773 570.2457 560.7869 574.86755 566.0825 570.2187 569.59155 586.7588 590.23865 593.3856 588.8398 593.27136 601.83234 611.95044 594.60266 583.00854 579.3224 586.4689 597.18585 571.87494 553.07904 542.7413 531.88446 508.22577 496.86047
399.43893 415.8777 444.81653 437.455 421.22107 432.45737 420.85815 414.9553 417.17334 426.37122 424.2242 422.95334 425.58627 445.81668 476.20746 471.92596 480.6095 490.5907 528.5122 549.1271 575.6535 582.8567 591.7193 604.0753 594.1603 606.30695 623.63446 617.55115 612.35406 612.30975 617.3945 614.04047 598.46454 591.58484 594.43164 594.2527 557.4741 571.69507 567.6891 566.96045 558.2215 574.6897 573.95575 590.9744 588.952 599.05115 582.28735 596.19574 602.5117 594.9045 569.3033 579.71436 577.24426 570.26904 579.5969 587.36255 576.5333 552.24066 542.46594 520.0194 514.5243
412.20016 421.27927 454.23703 445.98453 433.7105 424.78406 395.87943 400.9443 392.81018 419.39905 430.24283 424.67502 434.8769 448.5292 473.55313 483.24695 485.81485 503.81122 522.7713 540.27936 569.5162 594.7528 579.1925 601.36395 606.4834 603.9585 617.67017 619.26385 605.0984 611.827 612.93304 606.71265 585.92035 585.792 599.07684 590.04724 579.9965 574.7349 583.3706 577.1444 564.5585 577.20087 570.5565 592.37823 609.41724 622.10754 605.87445 589.98535 570.3617 572.3434 563.1051 564.8361 569.223 570.0241 570.4324 577.33606 564.4102 557.0587 554.57227 535.1397 530.53796
429.54776 427.8024 446.52313 462.36038 445.92767 414.40094 400.27905 397.81485 406.92212 418.00146 430.0578 423.0578 428.70465 442.38007 465.64026 488.16147 494.5264 515.1831 534.1719 544.0418 562.90424 581.27576 578.6404 596.15607 602.7958 602.3863 613.9099 624.35 615.2668 600.56903 584.23096 563.8608 581.8617 591.0519 592.70166 581.44 580.1831 587.9675 594.133 581.64233 581.9584 599.22766 596.2257 593.5195 603.28674 605.51086 598.7612 588.93024 551.7166 556.60236 566.5497 559.34033 569.64496 570.0703 575.0075 562.77246 554.1991 552.14453 555.79175 543.2552 533.5045
419.85318 442.77582 467.17862 472.8669 460.7372 427.8957 413.96838 420.3138 405.08664 405.18402 409.63525 404.5688 425.90216 456.37656 481.34943 510.77438 517.2291 527.96655 547.604 553.594 562.99445 572.1806 582.4362 592.9302 608.6864 611.33295 629.0881 609.33685 595.41486 615.65894 588.5266 567.9042 578.32404 591.55804 586.8274 607.23956 622.26996 608.40424 600.4069 604.8843 598.05286 609.3719 617.0513 596.7189 602.166 606.20953 606.9094 585.1365 552.78894 562.97375 575.886 565.5136 577.0559 574.28284 565.4241 579.99786 570.82947 547.89954 553.23804 544.6093 521.72626
