Data/artificial_surfaces/fd7867672.asc
ncols 106
nrows 106
xllcorner -3.0
yllcorner -3.0
cellsize 1.0
nodata_value -32766.0
[rows 27 to 53 of 106, columns 0 to 60 of 106]
445.152 483.84772 556.2146 564.0543 544.7688 562.9221 554.57056 547.39014 499.57486 491.42838 432.79944 391.81558 474.79205 507.69812 526.7899 499.24652 569.1544 595.4378 629.50354 618.1322 679.4092 639.7971 604.6394 554.5676 545.5061 577.50464 554.8003 528.8693 564.56146 630.7276 573.33545 544.291 507.97656 513.1709 561.0532 641.015 633.50073 632.2091 619.43585 543.5153 563.42664 512.54694 486.91074 473.4364 522.60284 487.84827 454.43777 431.09402 506.47943 531.18805 490.59238 526.3108 530.2612 469.8814 510.16205 504.31436 456.93243 444.9248 406.58966 464.3946 475.53784
489.12204 547.98254 548.1771 641.9048 621.3041 551.8541 563.50586 546.546 441.61224 480.61688 502.82285 403.53796 450.2221 487.0486 532.58215 601.15405 650.1566 569.87646 583.4967 664.0874 695.5886 647.3184 607.733 567.95734 491.27615 519.6753 471.4531 515.9915 502.96652 472.9495 466.81335 523.2802 530.8556 565.3358 540.2069 615.2735 622.5573 622.8241 601.4117 587.7683 522.20764 553.3682 521.373 524.29315 522.63043 534.2483 479.19656 432.59122 502.89438 573.97064 572.73346 590.8429 580.54456 497.21707 474.29047 501.47482 442.65414 371.6867 435.78503 457.5709 492.33426
530.5911 538.30334 532.45215 623.0862 605.7466 511.76758 502.96393 590.57434 575.1738 597.4109 561.014 514.6604 479.37668 392.37442 448.04495 534.1697 533.0584 578.9214 649.31586 717.1083 687.16345 645.81604 553.2977 531.30023 518.3949 506.0315 504.97693 430.22525 496.32077 444.80975 483.75278 607.1511 606.90314 642.90356 587.10345 578.12354 582.5955 582.8882 581.45526 568.51434 533.35986 522.6412 555.69226 507.03336 502.06973 513.4604 536.0897 475.57474 481.26047 576.77515 577.6914 543.26404 534.59735 546.73846 503.96286 377.80762 429.8097 480.348 380.02835 361.02435 397.09195
507.64233 532.3995 565.1464 550.9278 670.93774 546.7018 523.08246 641.61066 621.54486 573.91974 530.09766 469.31512 474.45514 414.76297 437.9005 457.08994 509.71637 593.1526 712.33 754.0059 644.883 608.7097 524.30524 496.9278 522.03235 525.71716 497.64716 470.45352 526.4157 441.82538 477.34036 547.62213 593.9579 589.0877 589.85406 634.3311 603.63196 567.46063 577.5506 586.18677 565.6804 572.4518 562.077 549.5799 475.88095 468.7963 508.95154 454.16394 550.2101 570.0963 528.9991 519.093 523.2578 498.6118 502.13736 460.43195 482.76935 471.24866 340.81622 390.1928 414.62238
535.3518 593.8718 564.5019 590.25195 618.0551 587.15125 634.3202 690.44 642.5309 593.28687 545.7074 476.97025 540.51416 512.397 443.35712 449.22775 491.1134 553.73486 682.3074 706.0524 638.4706 554.42944 557.89886 560.98883 560.06726 524.67566 507.11908 477.2639 539.90643 482.17572 477.36734 513.68384 521.9525 572.18835 570.8651 608.2977 642.16833 532.55817 590.7344 561.7339 612.40295 576.30273 568.3246 520.62714 508.0212 480.44193 442.44733 557.7145 653.4311 537.54095 563.41266 531.88855 546.2662 536.8336 501.2752 459.3059 409.16916 420.8807 395.9937 449.62613 439.64716
579.3933 599.11414 604.2998 543.0917 574.6401 588.3292 581.3839 598.0336 598.0155 634.6193 637.194 648.8457 606.47876 597.2264 460.55005 467.17444 548.9184 526.9527 549.9895 655.904 653.775 594.95355 559.89075 543.92126 556.03253 512.54517 462.82648 506.07486 466.40897 385.23752 400.79178 377.9944 425.28772 527.8964 535.2307 508.57578 509.78125 469.59317 585.47644 527.0832 513.15533 566.56494 510.4897 547.32477 498.1215 450.5039 431.30713 518.4163 562.2715 616.8943 600.8955 572.4132 534.7438 564.3844 510.6526 421.68567 361.86896 441.84454 470.7822 375.10913 316.16162
558.20593 597.28876 628.55457 565.24774 569.8227 561.10767 572.1479 578.1688 572.9697 556.12787 544.8856 621.4032 634.24475 643.19806 540.0784 459.96915 520.6691 546.63763 556.27637 592.7741 598.71375 533.73535 492.2256 453.58084 516.54755 532.63586 566.14435 571.82166 501.36542 406.13428 383.90533 446.11954 453.90417 510.6405 473.88828 447.78558 455.82343 501.1856 548.673 504.02258 493.92163 535.8107 556.88367 600.11273 547.0554 462.93338 524.44855 522.1281 530.7565 561.53894 588.34406 639.0861 611.1907 577.5622 413.82013 377.12125 402.9576 436.0644 457.49875 414.89658 371.90576
576.46405 579.698 619.24 632.7755 619.1017 559.64764 541.00684 512.4698 570.5022 542.5187 516.79834 582.074 602.64404 640.8694 589.92957 502.26678 531.2756 586.2188 510.0442 494.55414 495.6108 556.3511 610.0909 592.74677 557.3872 614.3481 583.8233 584.6004 486.29803 481.50076 424.10828 439.91382 462.31424 443.2784 548.9537 547.7429 506.47925 524.5817 546.7999 567.3544 549.534 510.53824 524.87195 491.949 457.16632 474.66907 552.16364 560.922 551.9964 586.2781 557.46027 571.5178 510.46957 456.96637 394.92856 418.55945 448.0178 401.7201 426.45996 432.13776 393.07648
610.5198 685.6875 628.5569 670.36255 654.8698 576.9469 539.3637 536.6774 550.5435 561.08594 597.8163 569.503 542.9768 602.3427 615.46436 506.31567 504.46655 521.2257 505.55005 415.93048 444.84637 550.0474 558.3277 614.83 547.8114 635.6173 555.30646 548.58044 528.79144 416.41913 481.89642 507.5827 458.7828 465.41037 542.31366 638.2124 636.6644 636.4687 594.23663 554.268 517.49097 506.37085 504.1838 514.2048 433.413 493.83887 546.46027 589.47736 587.71954 608.4663 628.88837 542.39966 466.1223 431.38486 386.93716 424.1639 494.03552 482.8335 439.44684 428.1151 416.5374
680.91754 713.2785 626.8677 591.1869 631.6866 608.30865 555.95935 547.3583 614.53845 611.4988 589.8674 543.9286 570.6756 600.10846 582.5596 565.41797 504.8495 510.9648 480.77454 451.65283 493.18582 544.01904 550.2689 570.38885 568.7931 659.68713 605.2102 551.2631 571.22076 508.66516 478.82706 501.7621 490.45456 545.7526 571.9935 583.1957 599.8678 632.679 633.4201 523.1177 530.0175 550.63403 559.4469 506.66895 494.8118 574.90875 579.3105 585.7738 595.8785 612.5687 587.0535 513.3022 527.1503 509.3563 465.40576 478.63812 498.04462 461.79395 414.12152 442.53894 385.17078
605.2732 635.82635 612.9624 520.6355 556.9452 600.81573 608.0587 569.4981 576.18524 596.34296 618.7317 558.76733 529.78906 605.8532 670.89886 659.15985 623.0269 545.6013 503.49448 496.55362 486.44107 569.56934 526.26465 495.84216 519.2964 585.4104 565.31305 560.9078 538.4938 565.15564 572.4892 558.1638 469.00024 495.74518 567.6507 567.98206 607.4886 560.52075 514.0365 568.08734 557.4768 582.43005 607.2242 559.4635 604.31116 594.55774 636.96313 562.3611 611.0331 602.5088 584.4573 557.63794 481.03152 472.67252 484.53275 484.93536 427.43372 401.73944 407.8787 431.10168 442.2657
651.8967 583.4709 599.9502 530.8353 564.5397 572.2679 614.72 613.9386 641.4096 558.01776 617.93463 617.3703 589.3984 615.88385 645.11865 641.5437 593.5321 586.42535 508.01016 528.5651 502.36758 589.22095 563.4956 535.2 494.0293 442.28397 522.3364 542.24567 492.5328 477.6121 540.4913 477.0455 441.94516 470.94223 520.32965 570.1246 523.8388 471.3596 515.1938 507.59186 535.64905 571.78467 610.9182 616.9662 608.1814 676.583 589.9105 533.74164 597.8799 585.50073 658.7682 607.0176 533.2105 470.07547 396.43585 488.68332 425.53882 452.57068 433.22174 436.80215 527.5934
638.06573 569.2103 575.88324 640.2862 658.55286 646.5388 648.0238 631.0438 658.4727 519.2363 572.3321 653.2143 627.2566 559.7906 592.4147 558.50494 552.67194 547.98804 518.9079 494.67712 473.80316 565.3108 597.35504 490.06796 554.7057 524.2799 493.27158 504.00696 445.0571 420.94595 470.7788 359.45636 436.74432 458.16217 526.531 531.5231 570.6896 489.50217 518.5932 512.329 571.80023 661.57056 695.4562 661.7831 584.5288 625.41907 534.8186 588.9085 634.68005 565.2162 615.77344 539.917 467.53577 427.33862 359.95538 434.28616 410.93198 448.24918 458.41544 488.6338 562.94495
585.0399 599.9088 623.71844 671.9917 705.95447 711.95294 649.54 638.59235 673.36346 631.27954 665.739 708.3946 626.2464 589.3342 609.204 583.5939 504.9882 481.29843 462.6385 478.6798 501.26862 497.8542 505.5204 495.61972 545.46594 548.6382 515.6011 458.8652 410.89105 408.63855 443.92264 457.64026 470.4873 474.60217 488.9484 561.1815 595.8671 541.024 586.04895 548.9557 568.2132 643.8414 657.4869 677.81805 617.3219 570.33014 588.5188 630.4805 636.05414 530.3677 530.609 452.17825 422.76898 433.62277 434.4233 377.87473 360.8006 419.5029 462.4155 460.6567 440.3457
613.07776 631.4448 648.2986 649.4498 692.662 625.481 596.493 684.4717 700.5744 581.15796 604.3101 623.38916 631.42883 597.3906 564.12 573.9574 539.2653 545.34314 469.04456 426.2562 495.2691 530.01965 429.72723 488.82925 529.65985 514.97784 504.55698 468.57056 426.0744 391.47827 413.45367 475.6767 557.58636 518.1912 483.9146 556.87836 568.4993 531.9239 619.6557 598.1366 602.45184 613.807 666.4138 677.3131 601.82635 573.5057 588.1443 624.1149 569.2946 475.48035 494.78903 452.4345 486.51224 503.42596 419.84406 408.84897 427.40704 440.55743 456.3567 384.97974 440.63007
684.0145 615.50085 687.9246 656.8695 660.1234 612.75574 588.8865 600.68665 569.5857 547.8256 568.4846 579.9499 573.31836 594.29095 561.4481 525.77026 569.00476 526.79456 441.4238 445.5306 440.57407 508.22275 484.1795 575.11255 547.9209 535.01965 554.4816 541.9668 450.16562 415.30438 445.94757 486.248 506.98373 535.7805 579.87506 553.0083 513.3824 546.3918 495.85388 549.76154 609.8868 644.2278 637.88776 661.9631 575.54126 635.28784 575.8422 543.8727 569.13635 502.06845 456.22113 469.18616 460.847 471.89673 404.93442 386.53278 397.81207 422.0652 375.39615 391.1395 471.027
666.70276 682.6046 698.50244 691.1886 685.354 662.2825 693.99133 605.17426 585.4921 614.9341 589.0956 590.04767 593.63403 542.1498 589.5329 593.04126 595.589 582.69867 471.98712 472.68393 517.71356 530.57153 471.06122 508.9252 539.00214 575.2291 636.9679 563.4594 450.3105 416.97513 480.03214 537.91315 515.6808 497.171 522.67114 493.61642 493.04623 616.8636 548.78015 517.0918 541.3908 657.5465 664.43896 636.3633 571.12134 570.86475 591.0514 523.6127 548.2609 459.46933 464.15768 476.5724 466.92532 461.3841 431.73383 406.72482 446.93484 437.26434 462.1079 380.6042 406.7283
697.13135 720.48224 664.5545 706.6599 703.4037 618.30615 556.5018 582.5474 623.2747 665.24744 664.5069 619.1754 555.52844 545.0745 572.4424 592.0528 552.54944 545.46985 547.87726 518.0617 528.9923 570.96954 475.4046 464.65912 459.27875 570.8039 573.66437 545.4661 501.1034 423.9045 448.1728 505.83307 495.5765 458.1918 468.00754 500.46542 486.8767 524.00635 497.4498 477.28763 547.972 593.03534 642.6275 595.74133 579.9785 571.0033 498.34018 511.63382 539.3607 432.66516 444.87827 441.7783 457.4407 503.2538 445.83563 414.72568 405.9407 455.80484 468.1072 389.18066 399.25848
663.6376 681.4739 563.55066 625.82245 645.25977 618.2403 629.92236 544.482 636.1703 646.07367 674.9784 699.1769 621.9677 633.50104 554.2322 542.23834 582.29083 586.976 539.5974 541.3266 600.43604 615.6333 551.8822 476.76773 440.4594 495.3856 532.44434 511.42654 474.12192 431.2102 455.0451 457.87494 439.39536 448.4368 461.7377 482.94327 465.2918 525.4203 508.6125 516.22736 557.1459 576.54987 561.4876 558.8537 610.58575 528.5049 550.94116 529.42267 531.7756 482.71896 495.53192 430.9876 452.10352 534.3272 493.60223 403.28076 437.75284 395.85895 392.3049 411.2495 405.6962
652.1606 638.6666 592.9359 581.25757 646.67847 552.95483 611.6096 656.1841 655.3916 638.0774 659.6281 780.6444 684.18146 627.18207 554.1023 526.7893 574.6985 624.4884 479.84695 490.259 581.62714 573.0021 534.81433 551.7709 547.5352 543.8872 539.28375 536.68835 503.60995 480.41345 452.0389 518.8723 421.49023 432.52567 458.586 451.19638 479.21237 567.9249 554.80994 539.8324 522.3825 514.20734 541.4299 509.26306 483.1979 507.68503 516.941 529.3803 495.64594 478.02673 467.22116 445.45856 463.65045 508.58838 458.39325 508.25003 483.51355 382.23346 354.9472 410.5586 488.93903
649.45465 609.3779 601.02454 569.0713 571.87823 600.48114 602.7271 729.61035 733.83875 722.7167 633.5585 654.4403 652.7951 590.7237 613.3169 577.5106 579.17664 594.3462 480.57324 499.9328 512.1699 478.3391 459.64157 524.41583 498.148 597.5884 619.8768 529.3877 492.53992 434.03937 483.6708 538.87787 451.67438 416.89737 455.90186 495.5262 515.1801 565.63055 503.66077 510.28793 487.8601 441.63522 551.8734 529.4847 462.1941 428.81226 477.71832 462.6534 474.77252 454.11392 434.075 479.4574 486.68994 426.9901 406.86267 405.18237 474.5124 396.22656 421.6347 507.57654 488.48886
642.92725 594.6569 607.28613 624.8687 626.2813 622.5057 653.5197 659.57043 670.78235 638.76276 598.9112 633.7029 593.6968 582.0854 551.81665 522.0406 570.9157 542.9731 566.8717 546.44025 501.67368 500.16196 482.42715 475.64484 540.6455 591.1093 553.30273 470.49582 518.74023 476.5982 595.03156 584.14886 484.79724 570.09314 544.7422 524.38654 600.965 563.88385 540.021 495.94022 479.76483 449.77133 493.38263 498.82697 481.435 427.31955 445.92877 476.1215 475.07526 460.23257 453.76312 482.76123 527.8939 457.3229 444.3095 415.07053 444.63916 414.708 434.21902 484.65424 494.48764
646.9602 638.36255 574.9238 638.0226 663.0694 608.74634 595.8814 636.11035 659.27496 585.33813 509.23633 581.57495 622.9915 602.5001 543.3644 476.64938 514.1692 533.4871 563.0155 549.2946 471.68906 461.7837 470.72473 529.1592 567.33856 631.69385 542.7844 486.86288 575.98773 563.3087 586.36487 573.389 575.9917 528.75073 514.09863 530.4651 557.2318 583.2655 478.7625 394.3613 417.42657 466.97006 524.985 573.80316 575.2983 476.6517 475.02466 527.6975 516.0708 464.2792 447.17224 409.80838 493.17996 442.4591 479.18515 471.42737 522.64514 454.7569 393.55823 431.99753 511.1987
659.3149 636.05975 563.0294 576.6802 584.66345 543.53613 558.9858 636.9999 611.62225 575.39215 668.4834 613.8916 635.3699 607.5494 557.04016 469.3676 424.7864 502.11908 523.4824 561.3161 518.3072 463.07535 579.1559 560.6786 606.4002 586.15137 611.13715 539.69836 571.4326 665.3535 554.9115 555.075 588.3082 545.6057 451.4363 440.89264 504.38345 513.33575 525.638 419.13928 451.58432 516.48553 537.82245 537.556 535.9159 591.8591 545.42926 449.60574 513.5311 515.2449 441.67535 449.02557 502.96616 461.44562 495.76187 529.4085 501.84747 465.94543 437.27875 474.9595 522.2092
614.393 575.3616 539.5574 492.96115 479.85385 503.35907 496.97226 548.435 609.4614 669.25037 677.3294 604.12036 578.4262 613.58484 557.7508 539.28864 467.4655 501.9099 517.6423 574.2213 505.9279 487.12415 549.76733 549.4863 609.05646 512.0963 529.405 617.2018 565.44617 588.9624 517.2574 542.42957 534.16516 486.03116 465.20453 456.09448 463.0484 478.33832 510.78528 472.0437 497.23938 529.07275 540.37866 552.6492 604.60645 609.5099 560.9953 467.9 558.27466 579.5359 544.8714 509.49005 482.38266 564.5099 560.8163 543.2931 490.65143 490.89035 475.14035 538.4735 612.34204
517.58215 546.14813 533.2152 545.51416 455.1295 427.042 475.0272 468.3984 548.9568 634.8685 608.83124 614.16876 570.8262 572.53876 575.6574 497.5626 637.94684 578.4215 478.4999 543.9194 504.37793 504.7734 629.43384 553.16595 480.4881 470.05426 553.6467 537.8703 536.1088 582.48584 570.2981 537.8933 564.9979 519.4512 451.33908 545.2314 538.31476 530.7024 490.1966 464.2649 464.7191 556.93207 586.914 618.3619 614.4666 565.6351 519.8897 481.27316 582.40735 600.0475 598.829 519.22565 483.67123 510.46494 528.684 496.97784 491.06168 483.51392 452.88837 541.7151 574.9313
594.4318 587.54175 595.9418 535.3069 417.5645 451.2618 428.07626 501.1556 562.8371 629.3939 623.34625 642.1748 662.4209 597.30994 579.3833 568.55396 555.2949 574.2881 482.62885 526.0284 576.3542 615.4112 625.8525 577.5974 547.51025 453.77557 488.71222 534.85034 550.4391 603.938 608.77673 597.7177 611.6338 560.47577 515.43365 538.7891 551.2455 598.7751 541.2996 469.776 512.2442 580.3878 615.85126 530.50085 537.4388 492.4152 510.26257 574.2731 541.18567 551.56 528.7423 489.60794 475.65997 526.6427 548.179 514.5916 545.151 481.70773 471.64365 506.17883 504.07925
