Data/artificial_surfaces/fd7867672.asc
ncols 106
nrows 106
xllcorner -3.0
yllcorner -3.0
cellsize 1.0
nodata_value -32766.0
[rows 54 to 80 of 106, columns 0 to 60 of 106]
602.2666 681.74866 612.7988 527.2865 478.10257 465.36032 449.94943 559.6198 550.8068 575.68506 655.13696 724.14935 648.69824 619.1491 560.92554 482.77734 531.626 546.5809 542.0637 600.18726 655.712 576.126 617.62427 575.199 503.42102 435.4054 453.24255 596.2339 653.9924 582.91705 584.3861 632.5584 568.50824 613.75507 576.5096 536.57526 553.62463 658.0545 639.4544 543.68335 453.8846 512.7154 568.31494 585.72174 525.65704 487.384 494.00845 540.46063 504.39703 481.77628 439.0501 498.2577 486.20505 503.69748 535.6854 563.1164 541.1709 499.27332 521.5857 429.88498 452.96967
648.97485 733.4128 661.3647 518.7429 499.71082 502.57834 544.3771 544.94977 515.8685 460.04172 539.44037 583.68176 614.79407 634.4239 548.6417 590.18585 589.18665 630.41547 561.7088 556.5982 630.17096 603.2133 585.4914 582.2928 445.84348 490.4966 462.26385 604.79144 645.1704 581.4325 542.7284 579.9514 626.9513 588.5078 563.15186 520.3707 554.7033 607.27515 635.2377 598.8771 507.56836 523.03723 571.557 571.5091 531.0022 549.2012 533.9074 509.1888 517.67896 441.76486 458.61963 415.40277 497.881 548.00977 548.36584 522.4778 501.3772 480.70566 441.0401 399.81317 414.42767
608.28705 629.1981 610.37854 553.4532 474.58344 471.25467 530.3163 529.2013 472.84055 493.55298 539.84314 670.234 671.494 659.8096 657.3026 636.34686 657.6522 660.4601 539.12134 502.6887 562.782 646.81067 607.2549 605.47217 564.4425 462.69852 419.79065 582.27155 580.36346 554.6483 539.09015 588.8232 543.78595 540.49567 576.7497 533.57623 545.884 602.6946 585.28455 569.88025 620.7934 560.5265 506.3951 524.193 551.9265 481.89447 511.2415 490.08203 454.95322 467.96838 450.21323 443.62305 457.36505 418.86026 470.49725 436.85638 520.5811 481.4344 403.58728 380.15378 427.82245
556.8304 559.4684 577.9474 637.71265 533.6838 490.19693 505.73468 551.86566 556.37384 501.63495 501.12216 624.3532 637.5821 548.48645 525.95294 549.6625 607.0704 615.13806 571.1479 582.8453 581.6346 588.98 585.0776 605.9998 599.8921 491.85114 448.37427 579.8583 572.7891 599.4462 572.9166 551.892 522.15607 523.60693 543.9953 512.08704 469.62027 580.5746 556.4909 601.7958 600.32153 542.40686 525.6264 496.35532 569.9834 533.7827 467.81924 465.60098 455.312 431.87073 376.5094 417.1363 398.60303 422.4627 419.44693 447.07568 506.72205 444.87793 369.75482 406.7451 470.53046
491.30212 465.59396 536.155 536.82306 512.7616 506.29553 520.8383 556.955 543.6981 546.1748 530.6897 580.0322 586.1134 487.51212 502.4344 566.5642 581.5682 596.9009 640.0972 593.2274 572.2589 589.79297 572.1697 629.79266 586.863 458.3081 489.54703 577.91925 565.04083 569.2782 585.5133 553.12427 583.23486 520.2351 569.834 587.6628 508.6316 578.4696 587.1721 630.38965 598.94257 456.15762 471.4681 506.2661 556.409 466.4561 425.78162 462.8367 484.99048 453.1309 325.7834 349.04523 371.79773 406.0149 403.43 468.7229 490.12204 507.37924 404.32013 351.64978 439.93542
481.87396 483.11066 474.9065 504.84625 511.61136 544.246 540.2274 514.3298 508.61832 543.18835 558.6747 567.7354 536.444 479.86536 566.94305 580.9492 568.1 554.1885 597.10376 600.739 608.3979 569.3598 489.63162 563.5994 594.0431 587.33246 537.56824 512.68146 554.64197 593.5576 556.0153 586.228 614.22253 592.66437 564.9207 544.17834 505.2356 579.7656 543.1278 552.0457 606.09534 518.0414 504.14212 602.9849 506.78305 467.9859 529.7583 477.42615 539.0668 500.23312 386.30267 359.46796 373.6798 407.3562 399.7111 480.26147 499.9985 495.47675 425.73996 424.6961 449.1767
387.25012 409.51263 479.52554 436.28964 485.31964 532.4065 457.29797 466.67133 470.71762 523.72797 501.98306 542.80524 502.6332 541.7518 641.92224 652.7206 575.9642 588.6739 505.63992 525.2526 532.7879 577.4216 565.9803 614.67554 566.7256 605.55444 572.3688 586.3386 622.9782 672.1637 658.77655 623.51447 674.7253 605.44006 569.564 536.4966 560.3706 559.42365 528.6472 546.4488 557.5571 462.37833 451.19638 484.9035 536.5275 530.7668 527.63617 501.69803 560.75183 581.4359 464.57996 387.09427 427.20712 354.87213 392.09418 490.51877 491.46988 439.52344 500.64377 530.99164 518.5309
361.90875 397.6193 477.40912 387.45764 431.92572 450.06915 449.7363 444.90958 454.93927 562.4422 514.04736 539.54755 504.1641 557.2316 674.3203 650.52466 599.02515 602.68195 574.2654 490.83228 458.4471 481.2725 566.91907 641.5531 639.6766 652.7727 616.7367 599.5449 598.5314 671.01715 638.9818 601.1654 597.95447 560.1509 581.6176 545.72345 570.8552 558.2318 560.728 552.1831 549.226 556.6744 514.4365 474.16788 474.79807 471.75864 517.80115 491.2571 532.2459 604.11456 510.9592 466.19702 449.80164 398.72247 440.71518 485.98694 499.37573 476.00662 481.52667 494.28024 570.6372
397.5017 406.34772 397.89148 373.6629 451.10284 511.66754 499.72925 481.24716 445.7038 487.99805 507.86917 471.20782 482.5576 542.3058 572.5561 590.02954 516.4801 553.7526 508.67828 533.226 513.77496 554.97797 600.82367 630.67456 649.5702 606.09033 626.55817 565.60486 618.8536 655.4235 575.8995 579.66974 534.109 465.96902 505.2644 515.21234 552.9014 590.0766 632.52844 592.30597 568.1611 590.505 566.133 536.7243 576.09235 617.3971 520.20935 478.62723 547.2958 631.5503 504.7668 498.91116 477.65704 407.3238 435.3308 462.00067 491.80536 526.86005 535.19684 549.2643 602.76196
420.5594 355.54913 373.45447 361.39368 315.86694 435.03842 533.6838 485.51428 431.38718 414.11078 426.1592 502.1181 453.74396 524.9798 548.2979 550.8953 559.2169 538.89453 533.79755 500.71112 452.40073 500.6073 597.8626 616.3331 578.09845 562.75867 556.08875 576.89 551.47614 640.3888 533.4729 467.14514 461.93665 402.1831 468.92722 469.55063 528.7185 558.8855 675.27484 598.8113 559.3609 602.1765 538.146 462.6362 607.2305 664.85376 569.7178 566.38293 633.90704 640.4558 485.44418 521.63654 488.56592 417.35083 402.93204 431.1583 524.6773 527.8132 561.46106 607.3459 541.5513
483.89874 437.60367 378.03027 410.7642 369.1898 390.32867 511.27945 526.6192 479.54147 470.4401 449.81128 476.7126 453.85675 500.39874 561.9224 582.45416 588.828 648.92444 559.0321 484.3136 407.49866 451.30826 574.5311 573.01965 613.96387 610.13165 589.66125 605.58966 599.5384 588.24866 558.3397 479.1599 421.4121 435.80222 536.354 547.5502 599.5955 566.777 591.39825 600.5215 532.6533 544.5076 538.9204 537.2769 503.43292 552.44763 615.9001 608.7618 553.63916 607.2454 509.28607 536.3118 459.4613 456.7383 409.09094 432.63284 506.40085 574.62085 616.48706 630.4848 551.4227
492.0323 469.61203 443.2193 408.7725 358.89136 424.49408 556.1237 547.3493 523.461 533.6738 583.2789 588.47424 523.7973 482.62912 490.38815 531.6878 644.7018 640.2203 544.8132 477.49368 339.13568 411.24225 506.07782 513.6305 595.5667 565.6304 526.71423 568.1746 569.60864 504.6071 436.3626 452.7192 467.21796 464.29602 499.4532 526.2264 594.1445 563.3838 607.09216 644.9238 511.66147 531.74286 496.18872 548.1603 507.6231 501.20328 569.7591 556.55145 568.35364 490.8331 492.34067 504.74142 475.5173 516.91046 506.49686 454.44855 485.9067 572.25134 610.1243 576.08 551.4765
476.0119 488.17902 475.40604 409.2162 371.09695 441.06113 469.6812 521.72516 544.57745 597.20306 570.75 601.8963 574.2492 492.2508 509.07947 520.6337 615.78375 610.0589 521.9115 445.7845 422.36725 445.34064 437.9628 556.883 582.3451 473.0653 516.91125 561.1173 537.5077 523.46313 521.9046 477.1527 451.27377 476.51785 482.36713 557.6487 546.0957 545.4908 611.97986 642.73083 602.8689 592.97235 577.67487 564.07495 493.34915 463.58618 496.49945 516.3391 518.38696 453.057 480.377 528.97833 517.2936 473.53033 445.429 418.2473 497.6019 559.8718 632.12195 609.1996 581.3417
520.04913 482.70535 479.994 465.84048 452.88275 455.4521 481.16785 528.1771 505.98712 582.9783 570.41144 497.04715 530.10486 546.74304 484.18118 437.5585 512.7241 616.413 533.8099 423.0186 411.70294 413.2004 481.80624 563.5633 556.7952 488.9067 501.7985 513.04016 548.12317 559.966 487.95715 492.53677 540.4544 438.94272 474.20953 489.20157 501.6369 511.0348 560.6302 605.51196 556.5661 531.225 619.7512 603.28394 548.39923 569.37036 488.3038 514.5721 477.03574 470.0043 495.7543 551.7436 484.6602 510.59546 567.29517 486.2982 512.96606 581.2481 577.0713 621.4976 597.6923
509.1705 459.764 476.7754 489.77576 460.3589 468.19177 503.9533 510.00296 408.64236 499.95187 563.4209 465.9402 472.54788 515.0185 485.20105 478.51578 535.5427 617.8478 565.349 531.37726 467.95108 478.53906 433.3562 516.46045 478.3717 468.6776 482.7843 464.33743 536.62933 540.7628 414.82315 451.9198 541.948 448.67773 507.29486 485.17154 446.38593 478.26447 573.7017 579.79553 566.86847 550.8102 608.8099 601.098 629.346 621.7599 625.85266 573.3167 472.83145 335.08624 414.32355 535.0185 505.25293 503.77408 527.642 500.1048 558.9368 593.1381 536.09186 620.6136 596.54034
513.29236 519.15485 531.2566 510.32544 519.55774 481.83423 554.479 496.31912 435.83377 428.7914 461.90665 490.264 492.27448 514.6961 426.0351 511.52084 515.3071 541.49896 552.4361 543.07947 545.9313 480.93903 450.26154 484.2258 519.4233 512.64795 515.12616 437.75378 478.9712 480.75165 416.2326 404.1784 450.44073 439.18472 432.29385 466.97333 404.5791 455.73746 524.666 567.37866 572.77496 594.755 571.77844 645.9851 597.2047 643.8989 593.8774 530.9371 398.5766 367.22528 424.50278 488.7274 476.84494 470.88956 442.8526 603.80096 662.54584 629.63257 629.6967 674.02405 575.4806
568.1889 536.6067 548.18695 556.2921 565.09204 553.7142 554.3373 545.19006 507.5823 475.50787 453.0775 524.7088 497.16852 521.33484 448.6656 486.07858 537.51587 541.0176 515.999 520.1958 492.96515 514.9884 422.1222 497.47147 533.0333 484.46906 508.64713 499.4798 509.90894 424.5678 384.9236 385.03528 487.81198 464.16873 464.0205 440.34857 498.82104 494.43137 507.31265 524.16736 593.5647 589.9901 572.54974 610.2787 622.6239 643.3729 578.7988 476.62503 436.85626 479.6878 504.11304 482.0199 479.15707 457.1714 508.2538 548.31006 552.5479 598.4074 660.4343 692.8101 569.8892
469.25287 508.09988 550.91614 533.5408 580.257 532.9308 586.25024 547.30316 494.8391 487.50485 526.1769 601.32263 579.3086 495.04514 435.03003 486.00192 492.40167 467.7184 518.5366 565.192 499.7092 548.7818 544.14496 517.2887 529.99713 515.7715 519.5576 507.89178 519.0138 418.1346 405.49866 403.20932 482.67618 485.48834 437.20486 433.4219 464.2669 470.09116 412.4233 464.44592 522.7686 562.3813 606.9671 582.9803 537.86914 646.93616 635.0988 603.4553 510.5178 493.4779 413.96906 503.8994 556.02435 538.8991 551.1385 517.2158 583.3021 651.4426 618.03485 614.2358 587.64746
456.5566 481.29117 487.80777 587.19226 571.72675 517.2923 481.5527 479.6858 575.4846 553.6831 553.55743 568.8551 551.79785 509.81998 547.2124 488.69086 444.65173 472.01736 517.58545 501.3881 522.28674 510.93933 496.06525 542.344 556.68805 588.8054 549.1743 468.4486 492.58035 403.21213 436.40298 482.2345 533.9361 524.0336 455.44583 482.52026 485.88037 477.1074 472.7931 513.03674 424.29932 486.6079 493.9454 554.9486 588.9203 607.4961 668.5995 650.37744 554.54565 447.70712 409.7342 505.6759 549.2082 567.51056 607.34454 562.35895 618.21674 637.2957 567.3049 554.0222 571.5957
535.9093 544.88873 538.9358 549.56445 554.48596 547.9922 423.05176 441.43616 496.01584 514.0332 480.42053 472.18103 537.77747 418.45667 435.00146 476.3314 512.4532 494.19473 520.4435 443.39224 471.71957 471.75015 497.106 542.6343 547.8673 584.892 531.9607 471.95404 418.40768 434.4729 446.2328 498.39117 482.88623 507.19492 480.898 494.53052 518.97864 462.97794 478.16248 461.5346 442.57147 437.24808 399.13605 508.26392 555.96686 508.10284 536.6152 640.40015 567.8769 481.3206 391.40363 448.71536 479.4156 506.97507 512.6716 556.5384 563.5793 560.882 592.7294 561.36707 601.5986
579.56024 575.89465 591.3191 484.47037 496.96014 467.09393 439.01303 477.57468 470.81567 485.51428 458.06442 453.11487 523.69995 415.8841 415.63065 451.3623 518.5104 477.11948 450.73914 435.16208 480.51437 428.66904 505.5496 542.50275 593.7371 572.7241 550.41705 486.0416 453.27432 508.08145 477.78302 600.78894 523.96326 480.9681 443.81317 514.54254 541.6113 502.10593 535.213 454.57455 507.28513 481.8561 451.03967 434.8571 481.9901 507.8169 543.23804 549.4787 558.1803 498.35846 433.24765 408.10953 395.29773 471.79037 492.24094 543.61584 607.92224 601.41797 664.09686 649.6777 586.1983
566.96155 525.4671 596.73755 525.8215 513.1601 478.88956 524.4521 501.11893 534.2624 547.834 507.5877 415.98523 449.0496 461.4235 449.22778 418.17984 459.47583 450.52893 443.59314 449.15512 476.39767 518.0663 512.1259 508.8079 551.0415 547.9531 552.5693 461.99387 495.47614 512.8779 533.0931 573.0847 491.78723 479.34268 465.92676 453.1644 498.75632 571.6991 475.68918 443.44196 507.54773 491.714 489.05414 437.63348 454.69034 495.22034 553.61554 521.81195 545.2793 498.63947 470.6315 489.601 478.3289 496.34866 494.99408 524.2866 539.4808 495.165 475.40283 582.32104 562.8341
524.8031 593.6516 543.08844 503.26016 533.49536 479.7509 487.75897 500.6515 521.049 514.9806 507.72653 368.4363 367.7664 421.97232 500.71982 555.67224 532.42114 502.3294 400.09995 434.53857 484.90417 526.6576 517.0044 563.0346 586.3292 556.135 523.63 450.06442 511.46783 577.655 530.7082 462.44366 413.8461 418.74606 509.64105 555.902 537.0288 537.5628 546.35156 487.05917 423.2595 370.9263 461.39813 527.478 533.6136 497.25345 494.7135 543.13635 501.5364 526.70776 514.39484 474.77756 466.24225 505.68948 490.11017 525.90814 508.6902 420.47552 415.91965 531.64386 551.5152
457.14822 521.96765 467.7406 472.6418 506.8147 501.62476 482.5551 532.6399 506.40518 492.0939 512.8397 454.63098 431.0802 433.1954 533.38525 556.6501 600.48517 481.94113 387.86783 460.5425 471.4612 522.154 529.4251 582.1853 565.7598 471.28214 504.061 510.93765 456.02985 481.35266 506.96176 451.0604 447.02484 426.13544 460.48877 556.4304 563.0747 502.89478 569.4806 512.54456 505.10828 456.25085 498.6329 574.47107 558.4352 510.2329 547.1259 504.90594 489.45782 558.11426 543.63214 538.5552 510.3611 583.2929 501.44424 509.84784 466.50058 404.4121 413.68198 426.43658 568.16205
413.8809 493.59283 476.69623 451.6419 521.5125 497.48724 586.7306 597.54224 549.0489 472.16418 427.76694 442.45865 443.51334 419.28122 517.0597 543.0173 557.1281 486.4115 436.33884 466.54303 453.17133 554.611 604.2471 586.9992 574.83575 488.82947 568.44666 543.9014 542.2414 530.944 575.45483 512.247 501.05795 494.40118 514.93945 566.35034 517.8637 502.72308 554.41223 516.2049 523.8446 525.325 481.49252 525.43964 584.696 510.92 487.61914 457.545 521.4736 504.29895 514.776 602.445 572.09485 516.2067 434.50177 463.59497 421.7705 394.08328 436.0483 470.1819 512.4195
470.30032 550.8088 574.8656 458.23804 479.60803 502.31134 542.2772 593.18463 589.1028 596.57086 534.69507 503.07266 410.9976 494.8381 502.87296 483.76242 448.05383 454.36536 486.6376 482.65756 545.9457 579.5441 643.44495 613.9367 558.41 520.3679 565.09546 613.4534 542.6603 574.3218 597.36865 559.8314 572.618 482.43378 509.76355 542.78455 568.8923 543.25476 518.1089 531.2101 466.2228 441.75934 519.43225 521.1025 511.49518 506.80792 429.49884 502.0632 497.27048 464.4446 493.06198 601.494 566.66394 521.3612 505.70953 439.17017 442.01865 480.64154 452.58414 499.73065 470.77396
541.6964 560.5258 504.0959 451.86823 474.57217 550.72833 517.22815 533.8694 579.3583 584.1776 549.5675 487.0279 446.68994 471.7503 485.20892 496.0769 493.05786 444.174 493.83044 545.9889 605.8705 580.53235 554.79285 565.8131 557.1333 533.43774 514.38916 551.6313 548.11 586.1148 558.15643 604.36847 566.78613 503.62057 478.0877 481.18808 520.6331 563.14844 512.41254 485.21982 453.71167 449.1497 451.08395 493.8663 490.59003 453.96548 457.8608 401.02313 466.4608 511.57123 602.4359 581.4492 501.63553 515.67896 537.1508 450.3929 394.96823 413.6902 519.5353 549.2309 566.6791
