Data/artificial_surfaces/fd7867672.asc
ncols 106
nrows 106
xllcorner -3.0
yllcorner -3.0
cellsize 1.0
nodata_value -32766.0
[rows 0 to 26 of 106, columns 0 to 60 of 106]
412.05264 421.16458 387.2492 375.41946 388.3958 377.44122 403.18002 509.48367 441.25955 435.70578 444.09155 540.9399 538.70044 534.61444 509.24652 461.679 466.01367 439.25208 424.49094 410.55902 396.9736 402.75455 400.61554 431.57626 461.26495 447.04578 500.1287 413.77985 436.1518 441.4267 496.48914 580.11755 586.9005 469.53867 488.70786 453.52222 487.84232 528.10614 521.1225 544.96436 646.64044 570.1891 615.1928 614.0044 500.49307 461.88452 509.78433 505.72018 503.34503 508.07205 510.04926 518.77686 581.2223 538.68866 568.234 570.2556 547.1993 550.18225 528.77936 572.1098 591.6044
432.88562 400.5088 409.6034 395.17194 328.8996 322.4369 352.93146 386.2566 416.9919 461.04822 479.83368 528.62445 492.7074 468.16278 490.58743 524.67474 445.6853 417.68225 385.73166 490.39728 498.1101 402.46286 440.49176 380.7675 459.23285 453.0215 435.64014 426.60745 424.90118 431.35205 484.73026 568.5046 578.0565 472.41165 479.86078 509.55765 526.1129 606.48694 686.762 637.9458 566.4685 579.2605 617.45935 584.0402 455.50256 449.68387 539.1803 470.20392 462.55188 483.78967 487.24265 465.48077 529.5311 598.2544 575.3228 507.5812 492.50137 587.05676 603.3142 619.0583 601.4978
335.86414 375.22363 454.96884 403.4178 377.85138 325.93237 359.87683 435.24512 399.53543 458.44785 482.89215 537.54834 515.6399 477.85284 487.9279 534.71423 483.43805 386.70654 415.18332 415.73886 480.51706 436.91504 392.76285 414.32898 485.05847 435.70963 397.15424 439.5662 437.70938 526.096 529.45013 549.478 601.8463 548.3813 555.5836 572.0801 548.89594 509.6669 567.31116 602.46045 569.6514 498.63904 489.7722 511.0896 482.89102 415.79187 431.94315 463.59048 433.1295 428.42578 430.59262 523.42303 514.4048 572.10846 542.15326 527.4698 552.7873 606.81885 632.966 537.15735 580.20874
392.1178 404.42767 487.6269 465.07605 373.72906 385.0763 410.54614 422.31717 380.66824 463.3865 552.0101 472.2693 483.1758 468.0528 527.5564 557.328 445.19583 415.59763 429.8927 417.25317 469.58234 455.47565 464.77173 434.58722 482.45767 461.70306 469.55606 445.56015 417.33557 487.83975 524.03625 557.47943 562.6848 551.09485 557.0071 556.69507 663.209 617.2147 558.7362 587.0535 640.7563 523.9108 469.1125 455.65375 468.7306 449.01483 502.94995 500.64325 486.53967 514.6704 428.89862 488.6901 519.8056 534.9888 508.81204 515.58716 516.0352 601.82056 647.26025 570.37964 610.57495
443.8476 457.52368 490.17603 462.12344 366.89767 349.0595 386.8761 347.31464 392.67233 528.5137 491.22375 473.78452 451.11588 473.20935 560.20715 563.8463 465.10547 410.40225 466.6385 504.71823 440.43936 447.1019 464.561 477.48462 521.40967 486.2136 478.50345 486.37408 498.10275 475.6751 509.77673 538.3995 578.2107 522.03394 492.26132 521.4827 585.3559 642.5756 547.59717 585.20654 598.5882 581.77673 506.37003 442.0957 480.40424 472.7937 523.29645 529.986 508.9622 551.03735 537.96246 506.28406 465.88998 519.49646 510.43604 555.1745 577.8783 566.60565 555.7627 550.07434 607.0813
435.77393 435.05286 435.1839 470.15164 483.1311 465.59573 420.8593 387.96048 385.64496 479.30655 444.425 473.13474 487.08444 505.16803 488.00043 521.46716 478.03665 436.97415 442.38483 464.0315 469.3791 532.8095 533.80145 537.6082 469.8106 527.57965 505.79886 511.44135 528.5874 493.07025 556.7564 561.9052 553.6684 555.88525 451.88965 455.53577 599.8021 669.06006 615.3453 610.6749 583.32056 571.4065 554.0077 541.13873 574.2828 523.60815 510.41397 530.71924 544.6016 525.83154 523.952 508.7889 493.41022 542.39856 541.5204 567.3885 621.19055 598.74854 590.5614 546.7045 532.89667
468.87827 441.78098 423.97162 436.83905 487.75027 499.52185 413.556 345.19812 387.7251 396.60898 377.97678 433.68054 487.9351 499.1257 439.70007 453.2586 545.3558 462.48206 417.81107 437.6894 466.05533 477.72208 518.24554 551.02466 568.09265 544.9379 505.65906 497.58768 527.20667 565.5577 474.13153 500.13345 510.6471 475.28787 522.54065 471.87634 608.078 652.04474 615.9065 624.3168 627.7666 588.1274 554.29364 578.9363 603.285 582.68243 461.96616 535.3612 596.0552 501.24268 463.70377 475.26157 470.9449 519.32715 514.29565 514.3275 501.7127 564.15765 522.3175 566.6381 554.3645
419.9544 444.46082 467.5126 474.74997 445.36212 551.4202 456.30508 412.10428 427.07254 407.06445 402.74622 475.8664 432.65094 484.18634 504.29935 448.39294 542.9596 453.73453 505.47723 473.72308 436.01477 491.2089 517.2526 543.3164 592.54614 510.2524 524.7748 523.0034 458.47366 549.5475 545.76636 508.99023 545.84845 408.98828 511.78348 497.58972 608.5586 635.4676 659.1653 668.3761 583.61774 540.5725 575.95325 523.1476 520.42523 539.9468 535.6339 505.3189 590.22894 515.78357 466.7315 449.69138 429.42807 479.67026 460.6475 515.7841 552.15814 520.4015 454.2944 523.9658 550.76575
404.1513 448.7188 470.46356 526.3218 451.53964 421.84094 450.3058 456.15707 401.7427 467.54138 478.7977 540.05994 565.74567 595.33704 527.3114 409.43976 463.25058 433.40848 488.9323 476.56134 521.30475 478.1593 522.15485 549.81525 572.7208 506.0496 490.04333 563.7707 504.7603 543.468 528.4766 562.1566 502.56128 462.58133 459.5211 542.9399 600.18066 703.9214 724.293 627.596 591.3332 500.07852 585.12494 576.75385 493.4352 510.0257 590.5465 478.13324 513.5012 488.50702 470.15988 451.71634 452.35477 505.91998 471.75253 531.3297 473.0302 518.8367 470.8878 474.46658 555.20917
434.55563 431.30453 452.73325 485.8192 494.16107 397.16653 450.4589 493.58398 418.10443 559.5138 559.95465 546.2847 531.96967 602.6872 585.4836 435.53516 414.82086 429.64102 485.38464 494.51212 468.90335 568.01135 547.6711 561.4133 502.00986 503.4749 512.4532 509.08798 496.07327 452.591 505.6061 561.2302 488.03406 497.46207 559.8749 570.47766 594.5176 689.4962 658.89923 621.1825 565.09045 429.6427 521.4552 626.9702 544.8658 563.5341 608.4329 514.9993 487.71515 510.80115 536.7165 510.13425 501.91684 618.32 558.5747 574.5464 498.84982 527.5739 556.1007 525.78186 526.6797
410.84134 380.7398 455.29413 503.26385 481.1708 447.37817 463.73694 491.277 449.63052 530.2645 575.07056 503.53232 536.6526 537.31885 548.7543 466.27542 464.32663 521.4948 546.0488 534.32477 565.648 493.78775 463.3802 503.02365 465.1753 468.6413 465.28394 503.42303 482.73727 467.46545 505.57715 534.08276 534.96136 557.9233 545.96967 554.4835 609.3434 579.9597 591.12225 639.1035 487.27737 476.85785 528.7651 526.8437 543.6148 595.8189 540.3694 493.7699 552.4862 466.47678 481.31354 502.61978 572.0158 490.15994 488.81232 549.50433 511.2905 477.48785 569.43616 551.73975 563.523
434.8419 408.86505 405.14044 510.7276 505.20627 489.69144 483.0428 437.80624 445.42456 437.77103 446.07156 500.7046 592.0581 496.02438 535.5944 563.0276 550.036 566.905 555.50684 603.0781 516.59406 469.2001 456.6834 489.64517 567.45233 505.5362 464.86026 527.03357 522.1441 549.0595 603.6079 561.036 594.9914 623.16 608.82336 543.5043 554.7186 614.433 549.7234 641.12 519.9618 534.5665 525.15137 552.13544 529.8956 547.034 534.46625 540.18134 596.3227 505.5192 550.661 539.4373 480.27945 437.70917 397.4259 472.83035 492.27756 484.8466 563.83246 602.71265 602.1801
307.6219 387.03104 412.9245 453.37796 454.0805 412.96063 403.92368 416.06012 491.6462 496.98523 426.1448 456.05594 492.8069 494.69894 536.22656 564.5863 580.97876 598.6008 578.59973 608.32623 552.12646 555.6356 505.47382 548.1961 557.7083 563.5325 564.9714 509.39438 516.30237 544.443 585.78265 540.79224 591.7277 689.51117 611.70435 628.3644 649.1032 554.68585 561.8594 544.9367 548.8392 492.00284 528.54895 525.6414 530.6716 538.1853 540.1434 570.51166 629.17676 595.06195 575.9895 551.0048 554.35535 437.80316 398.75128 437.0457 469.93988 505.8965 550.42114 641.96313 611.48267
326.80057 358.0039 418.3559 429.8652 435.46503 390.0089 386.22778 398.4773 371.9057 429.4693 405.4732 410.14905 368.50012 417.6635 453.9512 541.09174 548.3454 554.2071 526.36365 610.92004 550.4877 646.9462 627.3724 579.19727 574.54956 505.18262 601.82306 596.0195 556.97046 531.35974 589.9998 548.0363 591.0218 582.9258 562.59186 605.5592 638.54254 587.0637 586.8779 495.27985 463.337 495.8221 568.1545 585.55554 583.9504 565.1954 555.93396 641.0857 711.0879 630.977 655.4527 591.88354 579.629 527.2599 432.7485 483.83032 516.5912 572.7866 530.4745 624.97253 585.7308
369.75494 380.6551 383.68082 382.10757 383.8299 433.97034 424.95602 393.01294 355.55612 412.2394 480.80496 438.05682 378.08807 442.7291 490.25864 427.47195 485.064 529.14594 588.1601 677.28613 631.3982 626.2253 606.2865 574.4376 563.2185 593.0227 571.1025 632.51263 556.4535 516.1077 556.6164 600.192 574.67413 610.3179 637.9735 604.2881 629.351 524.8583 503.25027 488.5499 445.29126 494.7219 497.13297 541.41284 613.57587 594.0597 609.66223 615.41754 656.44714 598.8692 563.4999 599.475 570.7867 574.771 501.52472 596.91656 611.37744 684.91125 586.6528 516.14197 528.8883
448.95828 390.2201 336.75916 393.58914 425.0526 432.49588 468.68204 429.7119 411.6271 460.11816 495.35214 498.16266 497.52338 489.53488 487.00308 484.52795 441.12454 448.50354 576.1312 637.30005 606.1076 555.78546 599.5956 606.99817 635.68536 686.84033 604.40173 591.42474 558.9924 557.9133 595.6213 576.277 547.89386 633.18176 594.54663 580.7967 562.088 502.89948 573.84705 574.1784 594.68427 579.16833 510.21088 480.93393 496.31522 582.3723 535.7392 552.8155 544.0459 539.39276 531.6648 509.88736 551.46967 522.38544 478.28864 533.1336 628.6427 598.8766 585.1292 513.94415 541.699
396.0351 427.7395 364.2534 442.85727 454.83685 438.4382 477.2704 514.2058 452.14966 472.48206 508.772 531.98315 527.7136 485.0148 516.0475 551.9643 482.67212 527.9537 546.5529 688.3397 657.1784 603.361 586.2806 597.60626 631.6024 682.9088 672.9811 655.3629 616.19275 557.9472 578.44055 590.9675 540.74963 534.24664 598.1173 550.48083 635.2767 635.39105 555.4 637.4955 618.44794 606.31085 505.533 552.8365 526.20166 531.53577 503.47876 587.26764 482.93097 492.30566 419.4123 444.85626 466.21744 467.9776 424.6311 517.3925 554.3039 539.2365 463.13147 473.7662 528.0592
352.03552 444.76492 460.49026 411.1668 371.57037 357.11713 419.185 463.07928 461.4764 474.05957 502.95688 532.5435 496.1166 517.3399 565.9824 544.4208 488.31946 502.3462 537.9805 594.4897 605.93054 612.65546 533.98706 590.8091 539.0316 604.4774 689.2821 636.939 625.9463 580.72437 555.8569 567.52765 558.62854 539.13165 601.03394 590.0037 612.17365 572.55615 572.8097 634.32263 585.5326 554.24554 518.583 512.4451 514.5753 424.93854 478.1312 457.39978 386.99316 456.0138 477.33652 492.8793 516.1161 487.61063 497.31137 527.4542 528.9216 562.1899 506.73288 438.18048 452.08392
369.36658 412.74765 422.07672 452.97467 451.84225 393.72217 463.6737 411.50232 453.3883 545.73004 432.79224 469.42596 497.69223 591.36816 605.5757 609.35706 527.3656 515.7191 586.8417 554.88135 570.123 590.2649 613.0247 632.6572 566.90564 639.25146 680.17474 631.76373 644.5596 588.4983 558.8471 583.40546 632.79175 585.0241 664.63745 621.51447 626.48535 557.37146 585.46875 651.49084 609.27515 540.99097 606.7783 558.0112 482.49628 434.42786 410.76062 424.8843 417.3412 481.8409 465.7651 471.67725 515.1335 603.4469 548.7719 544.25934 535.73773 624.4381 571.186 434.67023 383.1308
453.67694 399.4872 443.3584 509.95825 508.76035 439.34946 359.45575 403.88065 401.01636 466.75006 443.89874 454.76367 522.4865 529.062 598.6957 598.8596 559.05835 534.74396 545.31085 511.4389 542.31573 551.8865 547.79974 576.4043 521.47314 564.9453 610.68317 638.1051 660.2937 589.83154 519.65704 496.80353 596.9735 594.8166 650.1361 678.3825 578.70953 606.3378 633.94135 609.0303 627.6092 600.97107 521.3833 515.63354 485.57608 440.54514 448.77643 426.60507 403.2923 478.7577 486.19736 534.8791 533.83026 556.4367 537.27515 544.441 544.26697 582.275 594.0205 436.7302 416.05927
407.36566 435.37842 390.0698 449.07733 443.75204 378.57632 359.81223 375.74847 355.55933 422.43704 476.53876 546.8059 523.4473 485.76358 483.8708 578.8672 579.0899 519.7169 585.30096 502.3504 433.28986 494.1823 504.06927 467.04242 572.4446 551.3181 552.29767 674.9053 694.3182 597.96173 557.55615 546.8649 613.4008 632.2257 686.2875 577.0001 527.64984 546.1645 642.97534 603.8712 573.07385 561.9188 505.8625 512.24835 551.0565 538.2289 441.75623 470.12952 489.63837 498.51843 497.71106 549.9274 558.9051 639.3198 600.2384 495.0793 497.45123 466.41824 447.09467 426.68347 417.78366
436.57364 454.26025 416.78168 419.1174 409.57578 437.54004 393.81842 412.1987 388.40884 357.72937 477.42438 507.49597 497.3013 483.97485 521.93665 535.5556 570.66754 588.2597 568.05255 475.6156 458.99075 446.6698 494.42496 475.24545 515.85974 531.2138 608.1332 649.7062 583.7242 632.9729 593.06866 545.1168 543.4569 654.2107 685.44214 591.83093 569.152 558.228 590.1914 566.3202 545.84515 537.30975 538.9895 514.5051 463.09723 481.85364 511.46335 592.1341 574.57153 538.1959 549.7769 543.8929 526.86786 513.1396 514.5096 520.8506 477.0868 476.37 495.34644 440.1058 439.72107
438.21802 412.46637 490.0475 423.81342 375.3491 370.3085 322.38947 405.18475 449.22247 358.76447 406.93372 410.1308 464.4014 552.53253 573.4811 538.6396 594.3068 617.51196 493.99588 472.6825 459.76044 476.64145 485.9127 535.1015 535.699 601.224 624.8436 620.3772 579.4594 595.13776 552.6328 540.6806 523.9693 582.2964 608.4552 612.9086 615.4629 623.23645 585.99896 544.3839 566.526 548.6504 539.56885 490.64062 427.8687 495.07764 609.6459 541.96765 555.6545 534.992 562.4449 539.0447 552.46356 507.90463 460.38654 445.5145 492.19907 488.65576 519.9476 491.60782 499.38257
500.12347 478.50897 463.83997 476.6763 432.99802 429.5136 390.3291 328.14258 370.95786 364.173 357.19656 433.9992 489.38104 516.7337 543.7821 490.05313 561.4921 468.0413 452.39786 511.11508 468.35025 433.98874 534.751 604.70966 584.90436 617.7102 615.4372 621.4301 581.39154 601.3738 589.5672 580.4696 607.9482 615.6074 667.10223 604.66144 567.14014 592.4161 604.6842 632.0554 553.7292 525.49005 515.27216 549.72986 485.02835 558.57465 581.0141 575.9224 518.67255 501.1482 515.872 550.6563 522.881 489.52942 454.89038 438.28015 506.9063 499.966 544.1035 480.89728 495.9274
557.9776 549.1882 443.93616 488.51178 488.9197 501.63168 495.6012 437.15604 410.11517 311.80453 384.16437 460.76404 475.10037 550.0662 471.8564 484.9417 524.8145 476.5786 623.5179 615.4217 505.29962 473.58185 554.09503 624.07623 536.7522 561.36456 555.4569 694.5025 661.22217 569.8269 648.3269 636.5121 667.9112 650.661 609.4298 582.02747 489.18826 497.96686 524.50714 571.5411 597.0612 559.2214 484.6699 564.78253 491.87482 447.53854 484.58173 471.20737 522.49255 471.53912 564.58813 529.3417 485.90823 441.05438 415.87973 510.71124 545.54724 527.9498 482.5003 446.11148 480.24307
515.2031 591.3583 553.9329 537.92944 522.4543 492.3679 536.349 470.5944 408.66763 381.52466 426.93982 475.33267 426.5158 473.22903 503.45834 631.2211 551.5783 557.3605 651.8342 567.0492 545.9042 575.58105 553.50024 672.5668 626.24384 560.91693 567.2237 655.5154 649.4286 620.4563 678.41986 632.3642 615.8368 639.94946 593.5562 548.4753 492.46948 509.78534 555.50464 516.0158 580.05536 589.22943 555.3918 495.5289 504.08322 449.6042 489.7044 431.85516 458.3683 520.4261 510.21442 505.3277 484.11942 458.73547 495.94443 558.2488 528.2093 510.60474 453.94308 392.4988 502.27753
447.59436 520.43286 545.5565 513.0447 496.41864 504.96307 515.6598 462.57184 480.81256 541.77765 516.6876 462.58038 443.48013 468.46378 591.1644 613.7387 566.93 575.9478 618.5321 566.08344 633.2329 623.4678 615.8908 630.8401 641.60394 614.2621 532.47815 525.58606 648.49384 689.17725 663.4421 643.22186 643.9578 602.25366 641.5267 582.6547 571.35693 618.9333 610.6259 581.6061 571.53467 569.09436 474.3773 484.1838 515.67413 535.3988 513.01355 463.75317 480.35242 519.0107 435.87805 460.67816 525.978 459.8658 549.14514 579.30475 487.17633 441.10193 400.92218 447.0474 521.1028
